MO_MDT_input/aspect_300x300_15m.tif
ncols        300
nrows        300
xllcorner    442350.000000000000
yllcorner    4619100.000000000000
cellsize     15.000000000000
NODATA_value  -9999
[rows 190 to 208 of 300, columns 220 to 263 of 300]
141.95875549316406 123.15428161621094 120.83315277099609 143.4554443359375 167.1595458984375 168.30110168457031 165.7381591796875 163.94438171386719 166.34385681152344 177.23934936523438 180.39715576171875 170.95401000976563 184.35475158691406 188.96051025390625 183.01597595214844 205.3463134765625 248.86640930175781 299.95086669921875 326.7236328125 331.7342529296875 330.02566528320312 337.63580322265625 342.40786743164062 334.806884765625 335.84902954101562 342.1434326171875 345.2054443359375 351.8460693359375 356.94537353515625 353.21676635742187 327.51980590820312 307.986083984375 303.87344360351562 310.56784057617187 322.04586791992187 321.45556640625 324.37643432617187 327.62353515625 328.67379760742187 336.565185546875 339.33108520507812 336.17633056640625 338.27059936523437 338.08099365234375
153.32072448730469 136.81658935546875 124.61500549316406 125.88716888427734 147.67738342285156 162.27816772460937 159.60818481445312 160.67086791992187 165.74911499023437 185.45498657226562 195.87338256835937 185.63143920898437 215.9931640625 227.61366271972656 262.87432861328125 301.13186645507812 315.37359619140625 321.83999633789062 331.5118408203125 334.87261962890625 329.2401123046875 335.16326904296875 342.73687744140625 338.80609130859375 337.09600830078125 338.07797241210937 341.44073486328125 349.76876831054687 357.663818359375 356.62188720703125 339.09866333007812 320.87200927734375 313.51641845703125 315.31085205078125 321.80291748046875 321.63519287109375 324.23135375976562 325.42654418945312 323.68637084960937 331.96078491210937 338.40557861328125 336.41839599609375 338.36605834960937 339.05194091796875
161.51878356933594 153.18812561035156 145.62515258789062 135.51766967773437 142.80662536621094 158.10565185546875 152.338623046875 161.34097290039063 210.26266479492187 304.6212158203125 322.22650146484375 333.827392578125 332.76583862304688 334.70217895507812 334.1693115234375 325.3038330078125 319.53424072265625 322.74871826171875 331.923583984375 336.33926391601562 330.35406494140625 331.83901977539062 337.15713500976563 338.7178955078125 339.9259033203125 339.39111328125 339.65997314453125 343.88980102539062 351.54391479492187 352.5987548828125 342.36471557617187 328.59133911132812 321.51239013671875 321.97662353515625 322.2357177734375 320.303955078125 321.661865234375 321.55203247070312 318.40652465820313 325.35894775390625 332.94427490234375 332.36849975585937 335.27108764648437 338.14459228515625
157.56364440917969 159.55621337890625 156.01571655273438 146.458740234375 149.11851501464844 162.45822143554688 163.43450927734375 309.994384765625 323.0711669921875 332.61981201171875 341.91671752929687 346.9947509765625 341.1278076171875 335.01364135742187 338.7587890625 337.22640991210937 328.45755004882812 325.71505737304687 331.98513793945313 336.9927978515625 333.30874633789062 331.0635986328125 332.11825561523438 333.42660522460937 337.70452880859375 340.9609375 340.09909057617187 339.48809814453125 343.77044677734375 344.4329833984375 340.01333618164062 331.659423828125 323.776123046875 324.1884765625 324.0037841796875 320.80172729492187 322.17242431640625 322.712158203125 318.302001953125 321.9483642578125 327.654541015625 327.72842407226562 331.85394287109375 337.72314453125
138.22991943359375 155.75148010253906 159.43487548828125 156.92355346679687 160.41218566894531 192.2755126953125 285.15255737304687 312.73480224609375 324.25946044921875 334.22988891601562 341.30087280273437 346.99795532226562 344.99252319335938 336.5467529296875 334.90457153320312 338.728515625 335.87796020507812 331.26416015625 333.67486572265625 336.95401000976562 335.548095703125 331.04327392578125 328.89529418945312 329.11856079101562 334.31497192382812 339.97259521484375 338.55816650390625 336.20037841796875 338.15509033203125 338.5653076171875 337.43212890625 334.83822631835937 328.12872314453125 325.4031982421875 324.92926025390625 322.82080078125 325.1229248046875 326.9544677734375 322.24526977539062 321.55682373046875 324.867919921875 325.69235229492187 328.2774658203125 333.9964599609375
125.23495483398437 139.32896423339844 156.1456298828125 168.19253540039062 190.91021728515625 280.4854736328125 303.16903686523437 312.1795654296875 318.99395751953125 330.42282104492188 336.76470947265625 341.02706909179687 345.25125122070312 342.34072875976562 335.49758911132812 337.08511352539062 339.0865478515625 335.45584106445312 334.92431640625 336.33145141601562 336.009765625 331.3984375 327.0426025390625 326.49942016601562 331.494384765625 337.48098754882812 337.31732177734375 334.61959838867187 334.3707275390625 336.837646484375 338.4063720703125 335.089599609375 327.06121826171875 323.92251586914063 323.1422119140625 323.16510009765625 324.76409912109375 326.73486328125 325.87185668945312 323.36993408203125 324.432861328125 325.62225341796875 326.13848876953125 328.42514038085937
131.868896484375 134.40167236328125 153.3720703125 232.28450012207031 301.07009887695312 305.79037475585937 310.75875854492187 316.57937622070312 316.42214965820313 324.76763916015625 333.16107177734375 334.27471923828125 339.82183837890625 343.61053466796875 338.93011474609375 337.03924560546875 338.63775634765625 337.74639892578125 337.18310546875 338.2783203125 338.93374633789062 335.6036376953125 329.21844482421875 325.0797119140625 329.02032470703125 334.89678955078125 336.79782104492187 336.10226440429687 333.95681762695312 335.5020751953125 342.46310424804687 340.91555786132812 326.09701538085937 322.31439208984375 322.15557861328125 322.85910034179687 325.42782592773437 327.56076049804687 328.858154296875 325.555419921875 324.07138061523437 325.16165161132812 325.83203125 327.07208251953125
140.36636352539062 146.15675354003906 275.32803344726562 313.33065795898437 314.782958984375 310.6156005859375 313.78173828125 318.39013671875 313.62677001953125 318.178466796875 326.88601684570312 327.69097900390625 333.24771118164062 340.07150268554688 339.63357543945312 337.85992431640625 337.31692504882812 337.71560668945312 338.26510620117187 340.086669921875 342.36505126953125 341.2012939453125 334.26797485351563 327.287109375 329.59356689453125 334.39114379882812 335.48919677734375 336.11248779296875 334.63162231445312 334.98651123046875 345.58465576171875 348.20794677734375 331.87603759765625 322.48809814453125 319.90036010742187 318.55609130859375 322.44772338867187 327.24746704101562 329.06231689453125 326.40252685546875 323.89263916015625 324.71759033203125 324.89712524414062 325.36361694335937
148.95057678222656 264.07037353515625 306.13140869140625 314.70513916015625 314.14630126953125 309.41790771484375 312.5386962890625 316.7451171875 311.70278930664062 313.61416625976562 319.60891723632812 321.287841796875 329.51217651367187 337.94549560546875 339.2005615234375 339.15219116210937 337.68365478515625 336.30972290039062 336.1602783203125 337.71148681640625 341.88308715820313 344.888916015625 337.45947265625 327.11700439453125 328.83895874023437 333.16656494140625 332.97244262695312 334.8580322265625 335.57345581054687 335.64398193359375 344.06988525390625 347.53445434570312 336.1619873046875 326.92205810546875 322.91439819335937 316.8536376953125 314.8447265625 318.9366455078125 322.52886962890625 323.75393676757812 322.843505859375 322.81008911132812 321.98095703125 320.84185791015625
257.9991455078125 304.63494873046875 309.05548095703125 312.88543701171875 312.88165283203125 309.8018798828125 311.33187866210937 314.604248046875 314.22576904296875 316.89471435546875 320.7479248046875 321.02471923828125 326.75350952148437 335.59027099609375 338.6968994140625 340.8057861328125 340.11468505859375 336.26345825195312 335.8226318359375 336.52288818359375 338.744140625 345.147705078125 342.537841796875 328.41741943359375 325.53228759765625 329.13092041015625 328.79998779296875 332.18829345703125 333.45785522460937 334.82369995117187 342.22341918945312 345.1324462890625 340.20794677734375 333.92465209960938 330.01947021484375 323.906494140625 316.2205810546875 314.69955444335937 317.00604248046875 320.28289794921875 322.29495239257812 322.16046142578125 320.9453125 317.95550537109375
302.2421875 306.89178466796875 306.58139038085937 307.9613037109375 308.27902221679687 306.08709716796875 307.72238159179687 312.31143188476562 315.4786376953125 318.56039428710937 320.939697265625 320.88424682617187 324.38385009765625 332.73114013671875 337.4248046875 341.212158203125 343.16119384765625 337.81781005859375 337.49215698242187 338.6407470703125 336.38809204101562 341.4866943359375 345.52911376953125 335.77487182617187 328.576904296875 328.14633178710937 326.68368530273437 329.69671630859375 330.21417236328125 331.24481201171875 339.3905029296875 343.78070068359375 341.74603271484375 336.6268310546875 332.677734375 329.70306396484375 320.4775390625 314.69430541992187 315.2767333984375 317.88360595703125 321.24932861328125 322.75686645507812 324.54940795898437 320.85861206054687
305.4444580078125 305.97808837890625 303.46136474609375 302.45999145507812 303.21820068359375 300.59033203125 299.7342529296875 304.249267578125 309.5169677734375 315.5501708984375 320.5406494140625 320.9598388671875 321.08895874023437 327.0291748046875 333.55441284179687 339.13381958007813 343.554931640625 338.71334838867188 337.51861572265625 339.00491333007812 335.7169189453125 337.98614501953125 343.54922485351562 339.73318481445312 334.05477905273437 330.60787963867187 328.0537109375 330.4586181640625 330.38128662109375 328.96356201171875 335.14111328125 342.5855712890625 343.00146484375 338.45217895507812 334.80328369140625 335.75753784179687 328.67855834960937 320.7236328125 319.65777587890625 321.01837158203125 322.63919067382812 322.33291625976562 326.4554443359375 324.958984375
300.10784912109375 302.67544555664062 301.35379028320312 300.62625122070312 301.7088623046875 299.54296875 296.43099975585937 296.60687255859375 299.41473388671875 306.06039428710937 314.5350341796875 318.14923095703125 317.53863525390625 320.238525390625 326.5927734375 334.67901611328125 341.17205810546875 339.6002197265625 337.54034423828125 336.9794921875 334.3909912109375 335.58114624023437 339.82464599609375 337.89447021484375 336.4488525390625 331.84231567382812 326.96685791015625 329.8896484375 330.81390380859375 328.885498046875 333.4228515625 342.03915405273438 343.47842407226563 338.58935546875 334.35614013671875 335.89334106445312 331.94015502929688 325.62802124023437 324.40524291992187 325.65115356445312 329.22930908203125 328.54541015625 330.241943359375 327.278564453125
293.00543212890625 297.36178588867187 299.33389282226562 301.21163940429688 299.8734130859375 297.66802978515625 297.73345947265625 297.187744140625 296.07489013671875 296.88970947265625 303.1004638671875 309.4744873046875 310.4703369140625 311.6558837890625 315.06991577148437 323.85284423828125 333.04953002929687 337.05569458007812 337.04437255859375 334.94818115234375 331.28036499023437 332.57821655273437 337.40512084960937 336.3358154296875 338.34222412109375 334.66363525390625 324.3521728515625 323.807373046875 327.67803955078125 328.3101806640625 332.65380859375 340.41580200195312 341.9058837890625 339.2467041015625 335.96185302734375 334.34194946289062 329.35260009765625 322.1644287109375 320.0782470703125 321.20526123046875 327.26699829101562 331.71429443359375 334.2171630859375 332.08612060546875
294.0482177734375 298.40481567382812 299.5992431640625 303.28375244140625 302.92822265625 299.43829345703125 299.34588623046875 296.98309326171875 293.353271484375 290.44561767578125 290.3428955078125 293.92962646484375 296.40057373046875 295.84268188476562 295.51531982421875 302.9703369140625 314.99981689453125 324.18637084960937 330.438720703125 329.16015625 323.93875122070313 327.595703125 335.31381225585937 336.1749267578125 337.6763916015625 336.03460693359375 327.22140502929687 323.1605224609375 325.50869750976563 327.8033447265625 330.9173583984375 335.8927001953125 337.33432006835937 337.04934692382813 336.50094604492188 335.1768798828125 330.3480224609375 321.119140625 313.82235717773437 310.6866455078125 313.64990234375 321.49468994140625 331.52951049804687 336.31024169921875
296.29083251953125 299.64950561523437 300.30743408203125 303.2672119140625 304.77322387695312 302.85858154296875 303.22879028320312 301.8441162109375 296.58743286132812 291.82745361328125 285.724609375 281.7933349609375 282.49234008789063 281.73004150390625 280.60421752929687 286.10360717773438 297.28921508789063 307.3511962890625 318.95001220703125 321.05203247070312 316.16329956054687 319.4183349609375 327.634765625 332.8525390625 335.4307861328125 332.94284057617187 328.56307983398438 326.87054443359375 327.70098876953125 328.80511474609375 329.74603271484375 331.47906494140625 332.10049438476562 332.46450805664062 332.38531494140625 331.94155883789062 330.6732177734375 325.27523803710937 318.0831298828125 314.63314819335937 313.25369262695312 312.60504150390625 322.4627685546875 332.94830322265625
300.09368896484375 301.25152587890625 301.30697631835937 301.39566040039062 301.07281494140625 301.24072265625 303.60333251953125 306.44314575195312 304.02020263671875 301.64361572265625 300.0423583984375 295.38986206054687 292.7484130859375 291.3843994140625 287.61526489257812 285.99957275390625 289.48388671875 296.7567138671875 307.94973754882812 313.7884521484375 311.85873413085937 312.057373046875 316.90084838867187 324.302978515625 330.03482055664062 328.23214721679687 324.66961669921875 323.68865966796875 323.60647583007812 324.53277587890625 327.78961181640625 330.7265625 331.6253662109375 332.52886962890625 331.93008422851563 329.217041015625 329.3916015625 327.69512939453125 321.6553955078125 320.27001953125 318.17431640625 312.01605224609375 314.7392578125 322.65780639648438
303.12200927734375 304.15142822265625 301.37762451171875 299.6622314453125 298.946533203125 298.7320556640625 300.695556640625 304.72003173828125 307.71636962890625 309.7900390625 311.32470703125 310.70944213867187 310.85040283203125 310.978759765625 306.5703125 302.39813232421875 299.2274169921875 298.39468383789062 300.1099853515625 303.23736572265625 305.76409912109375 307.3994140625 309.9364013671875 313.47711181640625 317.75662231445312 319.35101318359375 319.211181640625 319.07913208007812 316.95928955078125 315.7410888671875 320.34259033203125 325.47412109375 327.3594970703125 329.3304443359375 329.31613159179687 325.88409423828125 328.42880249023437 330.50802612304687 321.20553588867187 319.17803955078125 318.68869018554687 309.7239990234375 307.53753662109375 312.7919921875
299.86288452148437 303.60809326171875 302.37127685546875 301.2354736328125 301.1519775390625 300.78271484375 302.70278930664062 306.6358642578125 310.7320556640625 314.42626953125 315.88177490234375 314.96444702148437 315.18310546875 316.61672973632812 316.21990966796875 315.43145751953125 312.178955078125 306.26504516601562 300.9197998046875 299.21490478515625 300.57391357421875 302.72140502929687 304.56124877929687 305.33663940429688 306.3072509765625 308.93231201171875 313.9312744140625 319.10467529296875 319.77310180664062 316.6278076171875 316.41058349609375 317.8607177734375 317.8741455078125 320.6116943359375 323.48519897460938 321.22503662109375 323.32586669921875 328.88198852539062 321.591796875 317.16790771484375 315.20822143554687 294.67626953125 278.3515625 264.239501953125
