MO_MDT_input/aspect_300x300_15m.tif
ncols        300
nrows        300
xllcorner    442350.000000000000
yllcorner    4619100.000000000000
cellsize     15.000000000000
NODATA_value  -9999
[rows 152 to 170 of 300, columns 0 to 43 of 300]
-9999 193.84689331054687 201.79812622070312 206.23715209960937 206.16421508789062 187.517333984375 56.139537811279297 46.715953826904297 43.850391387939453 53.475597381591797 69.566917419433594 84.281227111816406 90.513511657714844 85.638114929199219 81.126358032226563 79.792724609375 80.728622436523438 249.47496032714844 251.59501647949219 247.59007263183594 251.09611511230469 255.34596252441406 255.46221923828125 247.819580078125 242.6339111328125 244.54183959960937 230.74314880371094 193.4993896484375 185.94696044921875 202.51724243164062 212.38636779785156 215.24911499023437 224.71661376953125 230.47265625 232.22023010253906 241.58413696289062 253.56515502929687 266.44183349609375 269.77841186523437 264.9210205078125 270.520751953125 276.15264892578125 274.45465087890625 269.106201171875
-9999 198.04067993164062 204.01971435546875 207.20402526855469 208.99751281738281 207.21296691894531 192.80052185058594 68.279693603515625 60.459632873535156 68.078071594238281 77.488014221191406 82.329841613769531 80.332374572753906 74.813728332519531 72.576736450195313 72.34033203125 74.147308349609375 0 257.4024658203125 256.25537109375 260.03076171875 261.36468505859375 253.63154602050781 233.15449523925781 227.6849365234375 230.64555358886719 217.92117309570312 188.25633239746094 180.57763671875 202.78170776367188 217.87925720214844 223.64822387695312 231.11695861816406 236.33415222167969 244.49897766113281 259.20693969726562 268.39178466796875 268.43499755859375 259.2222900390625 257.3388671875 265.67333984375 265.98410034179687 254.40690612792969 240.46049499511719
-9999 197.04132080078125 205.21014404296875 207.67520141601562 208.48794555664062 208.30278015136719 206.000244140625 176.90086364746094 109.61251068115234 87.578834533691406 86.404518127441406 85.095672607421875 78.325698852539063 75.828399658203125 75.689315795898438 73.938980102539062 73.525665283203125 81.2239990234375 242.57676696777344 253.54608154296875 264.704833984375 259.8070068359375 239.31906127929687 219.34329223632812 220.17721557617187 218.83901977539062 206.62014770507812 190.53286743164062 185.80596923828125 207.39959716796875 223.73257446289062 230.53872680664062 238.16873168945312 245.80448913574219 254.39326477050781 258.70574951171875 250.98526000976562 234.68095397949219 241.24485778808594 265.4495849609375 272.42803955078125 260.15972900390625 249.65480041503906 248.62210083007812
-9999 191.46612548828125 205.6689453125 208.21437072753906 208.15252685546875 206.95431518554687 204.87770080566406 193.78579711914063 141.38113403320312 99.360237121582031 90.679962158203125 84.913185119628906 77.597366333007812 75.833641052246094 74.786323547363281 73.439201354980469 71.927894592285156 74.288528442382813 236.10000610351562 252.54158020019531 250.34933471679687 233.11407470703125 220.02027893066406 215.12210083007812 215.46186828613281 211.58116149902344 204.53071594238281 200.47164916992187 208.91798400878906 234.79826354980469 247.420166015625 249.25935363769531 252.818115234375 256.84329223632812 257.91177368164062 254.89884948730469 249.47517395019531 252.06484985351562 268.65591430664062 279.61666870117187 290.88104248046875 296.7017822265625 286.44097900390625 269.73516845703125
-9999 184.607177734375 204.72412109375 206.85563659667969 206.40835571289062 205.29791259765625 204.26805114746094 202.27182006835937 166.59161376953125 105.56418609619141 88.897674560546875 81.990364074707031 75.738845825195313 74.068321228027344 73.494529724121094 75.117401123046875 78.280593872070313 81.308380126953125 125.75076293945312 234.28741455078125 225.94667053222656 214.90560913085937 217.98432922363281 216.90380859375 213.14579772949219 213.66778564453125 220.42738342285156 238.05902099609375 263.73004150390625 281.945068359375 293.996826171875 295.71685791015625 290.6517333984375 284.02850341796875 276.01055908203125 273.33599853515625 277.27151489257812 284.3895263671875 282.10906982421875 278.98388671875 286.52099609375 306.96014404296875 327.46163940429687 308.44256591796875
-9999 173.42449951171875 202.06465148925781 205.00509643554687 204.38751220703125 204.784912109375 205.57440185546875 206.3345947265625 190.45948791503906 102.78858947753906 83.434043884277344 77.762466430664063 70.503242492675781 71.614639282226563 75.861854553222656 81.363250732421875 85.701103210449219 88.547920227050781 108.22362518310547 205.13458251953125 220.7957763671875 219.83891296386719 224.52626037597656 218.55690002441406 215.98149108886719 231.77253723144531 256.343505859375 278.4566650390625 290.94317626953125 297.65652465820312 303.59613037109375 307.1153564453125 310.71295166015625 311.4715576171875 301.30084228515625 290.2440185546875 286.41998291015625 288.30593872070313 287.53573608398437 284.45291137695312 279.783203125 281.580322265625 309.71859741210937 331.80413818359375
-9999 156.22737121582031 196.05418395996094 202.98762512207031 202.30035400390625 204.57757568359375 207.12405395507812 208.93937683105469 209.90144348144531 136.89190673828125 89.757736206054687 77.121658325195312 69.201644897460938 72.980438232421875 77.866958618164062 81.855644226074219 83.371871948242188 83.266494750976563 88.863510131835938 148.52354431152344 227.11463928222656 232.49943542480469 235.23486328125 234.46229553222656 249.04844665527344 270.29989624023437 283.16094970703125 289.73974609375 291.394775390625 294.2725830078125 298.27252197265625 298.03607177734375 302.35464477539062 311.67465209960937 309.71591186523437 299.56753540039062 289.7039794921875 285.72760009765625 284.91986083984375 282.9302978515625 278.30316162109375 272.81283569335937 278.22918701171875 308.36431884765625
-9999 138.87272644042969 184.18778991699219 198.57608032226562 198.89486694335937 203.87675476074219 207.53146362304688 209.50277709960937 210.3980712890625 179.92288208007812 96.147850036621094 76.871696472167969 72.790550231933594 75.25140380859375 77.415176391601563 78.904373168945313 80.567100524902344 83.969131469726563 92.1397705078125 116.70362091064453 230.52052307128906 249.51104736328125 257.79934692382812 270.1494140625 283.33624267578125 284.83441162109375 281.85537719726562 280.76669311523437 280.7850341796875 284.29144287109375 292.2054443359375 293.17108154296875 285.62216186523437 283.12265014648437 283.39328002929687 283.70025634765625 283.645263671875 281.39300537109375 278.998046875 276.54110717773437 276.01992797851562 276.19369506835937 272.50897216796875 274.0185546875
-9999 133.24873352050781 169.07510375976562 191.7249755859375 196.015625 204.58322143554687 209.30459594726562 210.6629638671875 209.95472717285156 206.21894836425781 126.4708251953125 78.70697021484375 74.009353637695312 74.993385314941406 76.817955017089844 79.425521850585938 83.417030334472656 89.181831359863281 96.017303466796875 109.62013244628906 235.30636596679687 257.6331787109375 265.5321044921875 272.3048095703125 274.75677490234375 273.76068115234375 271.8843994140625 270.70184326171875 270.8148193359375 273.08065795898437 274.37994384765625 264.35995483398438 249.12846374511719 243.6470947265625 243.44503784179687 250.93559265136719 261.76422119140625 268.5118408203125 271.81787109375 273.69296264648437 271.95672607421875 269.7958984375 267.4835205078125 260.83349609375
-9999 128.59880065917969 159.2830810546875 187.3179931640625 193.0213623046875 205.226806640625 212.12748718261719 212.34315490722656 212.38092041015625 215.17440795898437 201.4693603515625 93.9281005859375 80.485206604003906 78.512184143066406 79.902885437011719 84.445556640625 88.6400146484375 90.812332153320312 91.913101196289063 97.699234008789063 244.75160217285156 260.48968505859375 261.02670288085937 260.11007690429687 260.48947143554687 262.33465576171875 264.88168334960937 267.73175048828125 268.535400390625 261.75 243.02423095703125 221.11338806152344 226.43589782714844 238.21757507324219 244.63677978515625 252.43753051757812 256.05801391601562 256.95062255859375 259.017333984375 259.4632568359375 258.90408325195312 260.10516357421875 257.72088623046875 240.298828125
-9999 118.20097351074219 143.12713623046875 181.7808837890625 190.65188598632812 202.96940612792969 211.01205444335937 210.98974609375 212.99359130859375 215.97543334960937 214.95242309570312 148.6929931640625 90.426933288574219 79.439041137695313 80.244125366210938 84.128555297851563 86.967521667480469 88.975990295410156 90.631477355957031 96.033584594726563 231.64677429199219 254.79383850097656 252.75511169433594 250.1671142578125 250.13218688964844 253.51475524902344 258.100341796875 260.205322265625 253.16363525390625 234.88038635253906 218.50112915039062 217.0792236328125 235.55511474609375 247.88674926757813 253.22981262207031 259.784423828125 260.9510498046875 258.23321533203125 255.56625366210937 253.74603271484375 255.40626525878906 258.55230712890625 250.44062805175781 217.79258728027344
-9999 110.49031066894531 123.84967803955078 165.76103210449219 189.1990966796875 200.26861572265625 207.80731201171875 208.5084228515625 211.90106201171875 214.3929443359375 213.353759765625 192.38546752929687 113.89363098144531 88.185470581054688 84.544105529785156 84.211715698242188 84.545127868652344 85.6343994140625 87.34918212890625 93.600936889648438 199.61709594726562 247.68716430664062 244.85675048828125 243.52035522460937 245.01007080078125 248.61491394042969 251.166015625 244.74974060058594 225.39126586914062 215.11851501464844 217.38197326660156 231.75653076171875 250.4345703125 257.8648681640625 259.7884521484375 262.70431518554688 263.599609375 261.71481323242187 258.55340576171875 256.90512084960937 258.703857421875 256.23977661132812 231.68302917480469 196.5977783203125
-9999 105.51546478271484 110.479736328125 139.67013549804687 182.77912902832031 198.85789489746094 206.05889892578125 206.19839477539062 210.60585021972656 213.84768676757812 212.45375061035156 206.63516235351562 158.69978332519531 108.88478088378906 96.33892822265625 91.7607421875 88.078758239746094 85.084465026855469 84.541549682617188 87.764503479003906 133.41378784179687 247.66900634765625 244.71098327636719 244.88385009765625 246.91874694824219 247.74656677246094 244.26762390136719 229.55479431152344 212.07180786132812 217.39190673828125 229.85397338867187 246.4237060546875 257.49249267578125 261.84686279296875 264.42044067382812 265.19580078125 263.844970703125 260.71090698242187 255.7540283203125 252.29275512695312 250.62779235839844 238.77140808105469 206.34083557128906 193.70321655273438
-9999 104.31794738769531 104.68138122558594 116.84053802490234 161.98074340820312 195.72666931152344 202.75283813476562 202.67683410644531 209.20925903320312 213.71856689453125 212.4261474609375 209.79428100585937 185.89462280273437 123.34063720703125 99.3546142578125 91.867240905761719 86.628288269042969 83.702095031738281 83.41876220703125 84.773269653320312 96.219535827636719 243.98432922363281 244.21949768066406 243.57157897949219 242.42169189453125 239.51828002929687 234.14108276367188 223.3529052734375 217.35189819335937 232.27294921875 246.21279907226562 254.60360717773438 257.07049560546875 257.506591796875 258.47174072265625 258.93771362304687 258.4151611328125 257.0191650390625 254.60200500488281 250.03103637695312 240.90629577636719 222.66436767578125 203.3333740234375 210.28926086425781
-9999 105.44252014160156 105.68437957763672 108.74844360351562 133.50387573242187 185.22842407226562 200.33837890625 202.47073364257812 210.99713134765625 215.96464538574219 214.11958312988281 210.26702880859375 199.85298156738281 148.96661376953125 101.84369659423828 90.705955505371094 85.399345397949219 82.409996032714844 82.539077758789063 84.016120910644531 92.494041442871094 230.42489624023437 243.58512878417969 241.72077941894531 238.65638732910156 234.66007995605469 229.83071899414062 225.232666015625 228.52458190917969 244.58218383789062 253.68562316894531 254.80978393554687 253.39453125 251.27995300292969 249.91665649414062 250.19772338867187 250.69827270507812 250.53878784179687 248.97592163085937 243.55317687988281 232.91877746582031 222.40902709960937 223.58055114746094 241.59483337402344
-9999 104.106201171875 104.07960510253906 101.98111724853516 109.44051361083984 156.3316650390625 195.294921875 203.21498107910156 212.17745971679687 216.86834716796875 214.76229858398437 209.10617065429687 202.58915710449219 182.00384521484375 112.13139343261719 85.932640075683594 77.904762268066406 76.388938903808594 79.314102172851563 82.861473083496094 91.346748352050781 198.52694702148437 243.90538024902344 242.32325744628906 239.32994079589844 234.86079406738281 231.085205078125 231.55021667480469 239.00933837890625 248.89659118652344 251.922607421875 250.85308837890625 249.42588806152344 246.54922485351562 243.77639770507812 243.71160888671875 244.82670593261719 244.6588134765625 240.50180053710937 232.94143676757812 227.70785522460937 231.31205749511719 242.05404663085937 249.62677001953125
-9999 103.97398376464844 104.36742401123047 102.98372650146484 103.16607666015625 124.81211853027344 178.23709106445312 202.22245788574219 210.51904296875 214.212158203125 212.34889221191406 207.76223754882812 204.40226745605469 200.91848754882813 156.57553100585938 70.672782897949219 64.299713134765625 68.293708801269531 72.734649658203125 75.797622680664063 81.790176391601562 118.6539306640625 244.82278442382812 240.99867248535156 237.88229370117187 235.26844787597656 237.08326721191406 242.72731018066406 248.060546875 249.33427429199219 247.2030029296875 244.76089477539062 242.30757141113281 239.72715759277344 238.8258056640625 239.9825439453125 241.32630920410156 240.40567016601562 233.51193237304687 226.90684509277344 230.30253601074219 240.67103576660156 247.98445129394531 244.91114807128906
-9999 104.22068023681641 107.22459411621094 109.36407470703125 108.60472106933594 114.47088623046875 153.17843627929687 200.34991455078125 209.92819213867187 211.71340942382812 210.09698486328125 207.81561279296875 207.95130920410156 210.14788818359375 217.66087341308594 86.5240478515625 66.547325134277344 67.924720764160156 69.810501098632812 70.492424011230469 74.434226989746094 84.003036499023438 233.04234313964844 234.61134338378906 234.61875915527344 237.01011657714844 241.66737365722656 245.43244934082031 246.43620300292969 245.14308166503906 243.89132690429687 243.55184936523437 242.55136108398437 242.23808288574219 243.71510314941406 245.12486267089844 244.69859313964844 240.17250061035156 228.85111999511719 228.12521362304687 239.62484741210937 247.43760681152344 250.986328125 242.30311584472656
-9999 109.54035949707031 108.67607116699219 113.30467987060547 115.47496795654297 115.28396606445312 134.11557006835937 190.16705322265625 210.4921875 211.02987670898437 211.1458740234375 211.71682739257812 214.3056640625 217.91879272460937 223.59536743164062 207.15371704101562 94.334953308105469 77.933479309082031 76.273399353027344 76.753662109375 79.180061340332031 87.936164855957031 192.22943115234375 232.43507385253906 235.14125061035156 238.26089477539062 241.57231140136719 243.91098022460937 245.43597412109375 247.21379089355469 250.1226806640625 252.55598449707031 253.14418029785156 252.61996459960937 250.427490234375 246.78228759765625 242.429931640625 235.11221313476562 225.04386901855469 233.91447448730469 246.23358154296875 247.26382446289062 241.56047058105469 221.29191589355469
