MO_MDT_input/aspect_300x300_15m.tif
ncols        300
nrows        300
xllcorner    442350.000000000000
yllcorner    4619100.000000000000
cellsize     15.000000000000
NODATA_value  -9999
[rows 266 to 284 of 300, columns 176 to 219 of 300]
353.5067138671875 347.12881469726562 352.93661499023437 10.546218872070312 22.687644958496094 42.364910125732422 68.818473815917969 77.941787719726563 83.729331970214844 89.363151550292969 94.109382629394531 100.00638580322266 105.05310821533203 108.99375152587891 110.25933837890625 112.24964904785156 135 -9999 -9999 315 281.28598022460937 279.10736083984375 278.55328369140625 272.05816650390625 242.486572265625 199.7591552734375 195.9566650390625 196.10690307617187 194.64016723632812 192.27078247070312 187.88369750976562 185.17465209960937 184.18344116210937 181.26943969726562 178.97012329101562 182.02952575683594 208.61558532714844 240.76583862304687 247.93373107910156 244.96182250976562 244.16548156738281 247.28652954101562 249.4627685546875 252.96354675292969
358.06802368164062 354.41583251953125 4.9606704711914062 31.158660888671875 54.196853637695312 73.81939697265625 86.177726745605469 90.161972045898438 93.250434875488281 96.122810363769531 99.386955261230469 102.96877288818359 105.19857788085937 107.33859252929688 109.63829040527344 111.61502075195312 -9999 -9999 -9999 296.71612548828125 284.1502685546875 280.10018920898437 270.57772827148437 241.66325378417969 195.3668212890625 181.64656066894531 188.6923828125 191.08262634277344 192.6759033203125 190.56826782226562 186.5308837890625 184.3289794921875 184.70388793945313 183.33712768554687 180.99078369140625 197.06671142578125 233.75898742675781 248.96907043457031 249.71397399902344 250.58035278320313 255.9522705078125 264.20669555664062 272.25009155273437 278.71661376953125
2.8274383544921875 3.4124221801757813 21.307487487792969 47.995746612548828 67.101974487304687 82.330589294433594 93.252822875976563 98.33599853515625 99.312210083007813 98.09368896484375 98.720260620117188 101.61496734619141 104.64068603515625 105.84755706787109 108.53845977783203 122.38252258300781 -9999 -9999 -9999 281.18035888671875 278.07101440429687 272.94317626953125 247.87374877929687 203.32754516601562 177.61746215820313 174.79339599609375 182.47071838378906 189.87152099609375 193.33526611328125 188.01913452148437 185.43212890625 184.84457397460938 186.45478820800781 187.999267578125 197.09812927246094 241.96966552734375 269.4046630859375 273.58099365234375 271.6064453125 272.33673095703125 276.991455078125 280.8031005859375 284.43905639648437 285.1651611328125
8.4355010986328125 16.547065734863281 44.348152160644531 68.633865356445312 80.195693969726563 89.326698303222656 95.772224426269531 100.34552001953125 102.78169250488281 101.50595092773437 100.74793243408203 101.72239685058594 103.95294189453125 105.55842590332031 107.27460479736328 135 -9999 -9999 -9999 276.3780517578125 269.7969970703125 246.47894287109375 199.66622924804687 181.06521606445312 171.25877380371094 170.84249877929687 177.94329833984375 192.94216918945312 193.16021728515625 180.28543090820312 185.51985168457031 189.97689819335937 195.32037353515625 208.23345947265625 249.39974975585937 277.07293701171875 285.49130249023437 287.75021362304687 286.69692993164062 283.67654418945312 280.85714721679687 278.84954833984375 279.394775390625 279.92800903320312
18.665794372558594 38.544052124023438 68.432205200195313 83.569198608398438 88.95758056640625 92.385551452636719 94.146797180175781 96.588455200195313 100.37724304199219 101.44034576416016 100.97937774658203 100.77067565917969 101.85638427734375 105.97603607177734 114.69535827636719 -9999 -9999 -9999 -9999 265.330810546875 248.57514953613281 201.65530395507812 178.56790161132812 176.14077758789063 171.34780883789063 170.06979370117187 175.25445556640625 197.65455627441406 190.61399841308594 172.6136474609375 186.72201538085937 204.11111450195312 227.38792419433594 259.37911987304687 276.34329223632812 277.115966796875 276.92486572265625 278.461669921875 280.2203369140625 280.37884521484375 278.27371215820312 275.40673828125 274.59149169921875 274.59298706054687
37.385799407958984 62.136802673339844 78.118026733398438 81.835853576660156 83.187347412109375 88.539886474609375 93.601966857910156 96.52362060546875 98.995475769042969 99.922035217285156 99.6988525390625 99.308502197265625 98.546775817871094 101.64373016357422 134.27668762207031 -9999 -9999 -9999 -9999 243.83009338378906 215.22138977050781 178.00755310058594 168.40322875976563 172.54743957519531 172.61013793945312 169.67573547363281 171.38641357421875 206.06326293945312 188.08419799804687 167.59451293945313 203.01791381835937 251.43824768066406 269.8895263671875 280.33807373046875 281.3123779296875 276.8258056640625 273.31884765625 273.28518676757812 275.06210327148437 275.52142333984375 273.2845458984375 270.18115234375 268.46859741210937 266.49285888671875
61.655838012695313 75.741844177246094 80.766555786132813 82.659675598144531 85.846031188964844 89.873771667480469 93.103958129882813 95.554969787597656 97.414093017578125 97.700401306152344 97.155860900878906 96.302238464355469 91.983329772949219 85.577980041503906 46.0240478515625 -9999 -9999 -9999 -9999 225 197.50765991210937 170.27813720703125 152.85232543945312 135 -9999 -9999 -9999 225 180 135 287.19412231445312 286.22857666015625 285.11477661132812 282.969970703125 280.11578369140625 275.67550659179687 271.55892944335937 270.6868896484375 270.987060546875 270.55462646484375 267.49163818359375 261.619140625 256.26025390625 251.25758361816406
75.700241088867188 77.599815368652344 76.950576782226562 79.555458068847656 84.723396301269531 89.301132202148438 91.372978210449219 91.936561584472656 92.555732727050781 93.097084045410156 93.094100952148438 92.581687927246094 90.940933227539063 88.906005859375 83.602783203125 -9999 -9999 -9999 -9999 -9999 -9999 -9999 -9999 -9999 -9999 -9999 -9999 -9999 -9999 -9999 271.50576782226562 272.39749145507812 273.87200927734375 273.87603759765625 271.5172119140625 269.140869140625 267.3677978515625 265.91439819335937 263.97402954101562 260.12680053710937 253.60774230957031 247.36019897460937 245.33261108398437 246.90859985351562
76.835494995117188 78.238037109375 79.471908569335938 82.35870361328125 85.121688842773438 87.455604553222656 89.02679443359375 89.562705993652344 89.383407592773438 89.718917846679688 91.176620483398437 92.209365844726563 92.68280029296875 94.453361511230469 103.83055877685547 -9999 -9999 -9999 -9999 -9999 -9999 -9999 -9999 -9999 -9999 -9999 -9999 -9999 -9999 -9999 268.55767822265625 267.85882568359375 267.1746826171875 266.882568359375 266.40347290039062 265.36083984375 262.08233642578125 255.69508361816406 249.39982604980469 243.42613220214844 240.81240844726562 245.82398986816406 253.73460388183594 260.10784912109375
74.166854858398438 80.121429443359375 83.686233520507813 85.955078125 87.211769104003906 87.326156616210937 86.564125061035156 84.459831237792969 80.895431518554687 77.093116760253906 75.041328430175781 74.964187622070313 76.384101867675781 74.747711181640625 63.532463073730469 -9999 -9999 -9999 -9999 -9999 -9999 -9999 -9999 -9999 -9999 -9999 -9999 -9999 -9999 -9999 264.7513427734375 263.9420166015625 263.23968505859375 262.80996704101562 262.7940673828125 263.26467895507812 261.4066162109375 256.28607177734375 252.85652160644531 251.70698547363281 254.78727722167969 261.04052734375 265.94403076171875 267.79803466796875
76.470565795898438 79.915306091308594 80.046066284179688 80.233734130859375 81.627769470214844 82.15203857421875 79.186241149902344 73.243377685546875 69.262619018554687 68.403861999511719 68.374458312988281 68.164260864257812 65.774139404296875 53.802822113037109 37.432098388671875 13.167259216308594 6.11114501953125 45 -9999 -9999 -9999 -9999 -9999 -9999 -9999 -9999 -9999 -9999 -9999 -9999 259.307861328125 261.184814453125 262.519775390625 263.9776611328125 266.2813720703125 268.43930053710937 271.195556640625 275.26004028320312 277.73977661132812 279.35223388671875 280.27545166015625 278.58154296875 275.80020141601562 273.11456298828125
77.952224731445312 77.905281066894531 76.936904907226563 77.701522827148438 78.314933776855469 77.246269226074219 72.891998291015625 65.673652648925781 62.775863647460938 67.0880126953125 69.193038940429688 70.301124572753906 56.553272247314453 30.246761322021484 31.859962463378906 13.14019775390625 10.368400573730469 42.480533599853516 45 -9999 -9999 -9999 -9999 -9999 -9999 -9999 -9999 -9999 -9999 -9999 280.43109130859375 278.925048828125 277.835205078125 277.73580932617187 279.4920654296875 281.60992431640625 284.43377685546875 287.96148681640625 290.105224609375 291.25048828125 291.29425048828125 289.71481323242187 287.20947265625 283.51458740234375
75.165359497070313 77.464752197265625 79.320304870605469 78.957969665527344 77.756233215332031 76.317573547363281 73.798721313476563 69.382247924804688 68.571220397949219 68.125396728515625 58.179847717285156 50.918842315673828 30.061985015869141 18.042106628417969 32.196529388427734 14.566131591796875 14.516464233398438 33.045074462890625 27.388641357421875 8.9884567260742187 17.052314758300781 45 -9999 -9999 -9999 -9999 -9999 -9999 -9999 -9999 283.5396728515625 286.37692260742187 288.88958740234375 286.4560546875 284.90753173828125 287.17132568359375 289.177734375 290.72396850585937 291.97000122070312 293.267333984375 293.4066162109375 292.05496215820312 290.3203125 287.7117919921875
73.912643432617188 78.757171630859375 81.831413269042969 81.172393798828125 80.660476684570313 77.752197265625 70.217819213867187 63.686126708984375 62.035171508789063 53.9051513671875 39.527992248535156 32.307498931884766 23.228416442871094 24.107154846191406 31.185970306396484 19.664283752441406 18.692192077636719 27.435600280761719 26.327690124511719 19.840469360351563 40.327972412109375 68.859275817871094 -9999 -9999 -9999 -9999 -9999 -9999 -9999 315 285.06332397460937 283.69879150390625 284.60147094726562 281.75018310546875 281.00177001953125 283.44635009765625 285.61676025390625 287.10186767578125 288.4029541015625 290.33038330078125 291.807861328125 291.95623779296875 291.2867431640625 289.1649169921875
82.170394897460937 84.550552368164063 85.858940124511719 86.902999877929688 83.846473693847656 68.856536865234375 52.214271545410156 47.12762451171875 43.994663238525391 38.313858032226563 33.988857269287109 32.394092559814453 32.919582366943359 33.554603576660156 31.972141265869141 27.414443969726563 23.42767333984375 28.491947174072266 38.1939697265625 55.360054016113281 82.106559753417969 93.770904541015625 -9999 -9999 -9999 -9999 -9999 -9999 -9999 294.2315673828125 282.05157470703125 278.2171630859375 276.54336547851562 277.58535766601562 278.91680908203125 280.34390258789062 281.80105590820312 282.74981689453125 283.45919799804687 284.93710327148437 286.40240478515625 287.2076416015625 288.3709716796875 288.80767822265625
93.774917602539062 92.905448913574219 94.041496276855469 85.9334716796875 64.269920349121094 41.973770141601563 38.678730010986328 42.775749206542969 43.321891784667969 43.747661590576172 45.236385345458984 46.808071136474609 45.7596435546875 41.098411560058594 37.699165344238281 34.095260620117188 32.980293273925781 50.638160705566406 78.698158264160156 94.247222900390625 99.129661560058594 100.67074584960937 -9999 -9999 -9999 -9999 -9999 -9999 -9999 280.53778076171875 276.43490600585937 274.26983642578125 275.25787353515625 277.66357421875 277.80633544921875 277.78204345703125 278.76263427734375 280.08111572265625 281.36233520507813 282.50872802734375 282.400146484375 281.56207275390625 281.96954345703125 283.3909912109375
103.46611785888672 99.031074523925781 91.535545349121094 55.322372436523437 32.409671783447266 33.100921630859375 42.418815612792969 47.991146087646484 47.74267578125 47.389049530029297 48.552490234375 50.525482177734375 50.549175262451172 48.48187255859375 48.265216827392578 53.397525787353516 71.042694091796875 95.519676208496094 106.63919067382812 107.75328826904297 106.72489929199219 108.58454895019531 -9999 -9999 -9999 -9999 -9999 -9999 -9999 272.43865966796875 273.04681396484375 274.81072998046875 278.2484130859375 280.24578857421875 280.1324462890625 278.73764038085937 277.80484008789062 277.9393310546875 278.93350219726562 280.11981201171875 280.23870849609375 279.86322021484375 280.75567626953125 282.02157592773437
103.89263916015625 75.057197570800781 39.243515014648437 16.229820251464844 24.088333129882813 41.757865905761719 49.682197570800781 48.670459747314453 46.413623809814453 47.566677093505859 49.658035278320313 49.911262512207031 53.310600280761719 61.847999572753906 73.559211730957031 90.018547058105469 104.10603332519531 110.04570007324219 109.96047973632812 110.18102264404297 113.54506683349609 131.64022827148437 -9999 -9999 -9999 -9999 -9999 -9999 -9999 279.60806274414062 279.63818359375 280.76950073242187 281.88116455078125 281.35076904296875 280.03671264648437 278.26596069335937 277.14385986328125 277.01760864257812 277.44284057617187 278.39334106445312 279.38232421875 280.06707763671875 281.29461669921875 282.179443359375
44.323333740234375 23.967758178710938 15.129493713378906 18.596412658691406 33.516925811767578 48.081680297851563 49.371826171875 49.168842315673828 52.556365966796875 56.632987976074219 57.550724029541016 57.223777770996094 65.500213623046875 78.635414123535156 95.340713500976563 105.98431396484375 106.90908050537109 106.80511474609375 104.52967834472656 103.32404327392578 103.60285186767578 135 -9999 -9999 -9999 -9999 -9999 -9999 315 284.64947509765625 284.9097900390625 284.46136474609375 281.7655029296875 280.3326416015625 279.0498046875 278.15118408203125 277.9364013671875 277.75469970703125 277.75177001953125 278.60018920898437 279.63058471679687 279.88650512695312 279.44677734375 278.17697143554687
