MO_MDT_input/aspect_300x300_15m.tif
ncols        300
nrows        300
xllcorner    442350.000000000000
yllcorner    4619100.000000000000
cellsize     15.000000000000
NODATA_value  -9999
[rows 114 to 132 of 300, columns 88 to 131 of 300]
115.27416229248047 134.82008361816406 187.83219909667969 243.98515319824219 246.67617797851563 243.7403564453125 236.96499633789062 236.240966796875 238.83674621582031 249.19459533691406 250.52322387695312 242.38174438476562 234.58772277832031 231.99436950683594 225.1243896484375 216.09463500976562 210.43266296386719 208.06312561035156 207.43992614746094 205.38340759277344 189.85174560546875 176.064697265625 175.1400146484375 176.24063110351562 179.2874755859375 176.71160888671875 163.29029846191406 156.19699096679687 161.52099609375 177.75552368164062 185.34432983398438 175.72364807128906 157.63629150390625 136.0035400390625 130.78385925292969 142.54498291015625 164.8170166015625 173.9541015625 170.72608947753906 167.25068664550781 164.06037902832031 155.91227722167969 148.99771118164062 146.07400512695312
82.63616943359375 106.93318939208984 185.16329956054687 245.77505493164062 248.33250427246094 243.85496520996094 237.62559509277344 238.05680847167969 244.25645446777344 252.39210510253906 250.58859252929687 242.20729064941406 234.91468811035156 230.82850646972656 219.70028686523438 211.67723083496094 208.77847290039062 207.72561645507812 208.87155151367187 205.60940551757812 188.18608093261719 173.87081909179687 171.95869445800781 171.76336669921875 175.28486633300781 174.58242797851562 161.3131103515625 154.223876953125 161.40144348144531 180.74887084960937 191.778076171875 184.54971313476562 167.69088745117187 133.87892150878906 118.81670379638672 126.35551452636719 152.36639404296875 171.5826416015625 170.89169311523438 167.7012939453125 166.29925537109375 162.49356079101562 159.13157653808594 151.25460815429687
83.740585327148438 85.300392150878906 131.80880737304687 250.92469787597656 250.04249572753906 243.94717407226562 237.65115356445312 237.10848999023437 245.56985473632812 253.79371643066406 251.77680969238281 243.90818786621094 236.576904296875 226.17147827148437 209.78770446777344 204.99130249023437 202.1361083984375 203.60350036621094 207.28646850585937 203.18450927734375 185.72592163085937 172.697265625 171.58779907226562 170.51919555664062 171.32406616210937 169.99305725097656 158.59173583984375 152.10340881347656 160.23362731933594 181.1593017578125 194.23544311523437 190.67483520507812 181.00369262695312 150.95645141601562 110.44137573242187 101.48623657226562 120.16184997558594 155.14218139648437 168.25991821289062 167.44584655761719 167.08309936523437 166.18815612792969 165.67356872558594 158.93133544921875
87.873420715332031 83.591423034667969 90.999061584472656 249.52688598632812 249.578369140625 245.81298828125 243.20677185058594 242.94232177734375 247.02217102050781 250.83442687988281 249.49591064453125 244.05615234375 232.74026489257812 210.21444702148437 197.00335693359375 197.35513305664062 195.60002136230469 198.7822265625 203.98837280273437 200.85853576660156 184.7784423828125 173.46340942382812 172.651123046875 170.99111938476562 170.00790405273437 165.53102111816406 154.50128173828125 149.563232421875 158.00924682617187 180.26115417480469 194.2618408203125 192.50454711914062 186.63287353515625 178.879638671875 143.43869018554687 101.19480895996094 99.995864868164063 122.5902099609375 153.19367980957031 164.9874267578125 166.80386352539062 166.24130249023437 165.95254516601562 159.88589477539062
81.566665649414063 79.478897094726563 88.436820983886719 237.11860656738281 247.21646118164062 243.36007690429687 244.13346862792969 247.95620727539062 251.75444030761719 250.72640991210937 245.70939636230469 238.12515258789062 216.83525085449219 193.01301574707031 190.39558410644531 193.79824829101562 194.34085083007812 196.91923522949219 200.84280395507812 198.59661865234375 184.36474609375 174.26925659179687 173.79312133789062 171.956298828125 170.30413818359375 163.744384765625 151.0242919921875 146.80677795410156 155.95947265625 178.50559997558594 193.22769165039062 192.28065490722656 189.16961669921875 190.05638122558594 179.7962646484375 129.57151794433594 106.47189331054687 105.03253936767578 123.0867919921875 153.14306640625 166.89825439453125 166.76284790039062 166.06500244140625 162.53753662109375
96.068153381347656 88.184059143066406 92.263824462890625 200.47357177734375 242.88597106933594 238.33891296386719 239.18212890625 241.44538879394531 244.48301696777344 245.77139282226562 240.4525146484375 222.85203552246094 197.4609375 186.13052368164063 189.03408813476562 192.64236450195312 194.14299011230469 196.427734375 197.45657348632812 194.277587890625 183.17910766601562 174.85195922851562 174.24842834472656 172.69866943359375 170.92941284179687 163.36642456054687 149.35850524902344 144.6383056640625 154.8092041015625 177.81600952148437 189.01629638671875 190.56790161132812 194.0400390625 195.056396484375 187.38449096679687 155.83706665039062 124.67315673828125 107.34078979492187 107.12469482421875 129.48519897460937 161.38459777832031 166.80081176757812 164.94680786132812 164.09036254882812
121.82452392578125 109.66257476806641 98.047927856445312 146.37799072265625 242.79425048828125 238.42778015136719 238.37184143066406 238.66609191894531 239.87335205078125 239.73887634277344 227.13514709472656 201.15577697753906 186.99191284179687 185.30929565429687 188.33761596679687 190.86041259765625 191.6763916015625 192.79736328125 192.18124389648437 189.1416015625 182.3597412109375 176.90998840332031 175.03593444824219 172.96884155273437 171.6751708984375 163.41851806640625 148.63713073730469 142.87855529785156 152.26310729980469 173.60812377929687 183.8741455078125 192.09585571289062 199.24325561523437 196.3038330078125 186.26223754882812 171.36337280273437 148.044677734375 115.51805877685547 103.11197662353516 107.99748992919922 137.96678161621094 160.0604248046875 162.44635009765625 163.35867309570312
127.68994140625 117.85520935058594 101.18979644775391 116.45198822021484 254.38592529296875 252.30235290527344 250.27493286132812 247.9671630859375 243.70198059082031 229.47514343261719 202.15402221679687 184.42781066894531 182.5018310546875 184.70355224609375 187.6639404296875 188.90887451171875 188.58595275878906 188.33087158203125 188.15713500976562 186.62750244140625 182.96142578125 180.53402709960937 177.85189819335938 173.557861328125 171.90643310546875 163.61320495605469 147.54133605957031 139.92578125 144.36288452148437 160.20907592773437 182.18153381347656 199.56509399414062 201.66056823730469 197.16610717773437 188.18096923828125 183.87838745117187 176.27064514160156 117.3221435546875 97.819854736328125 92.551719665527344 97.464179992675781 123.89509582519531 146.72335815429687 158.529296875
128.61746215820312 117.16749572753906 100.88094329833984 111.07296752929688 263.05914306640625 264.0152587890625 260.91848754882812 255.97291564941406 245.88154602050781 210.3687744140625 177.44046020507812 174.45248413085937 180.34718322753906 184.95254516601562 187.84391784667969 188.43743896484375 187.29550170898437 185.85797119140625 185.6556396484375 186.87371826171875 185.909423828125 184.32806396484375 181.41017150878906 174.58154296875 171.71795654296875 163.9989013671875 147.50038146972656 138.18647766113281 136.69906616210937 141.03639221191406 176.82148742675781 205.94429016113281 202.76528930664062 198.95169067382812 194.65020751953125 196.67471313476562 198.29580688476562 138.25306701660156 108.26442718505859 97.038619995117188 86.570083618164062 86.215957641601563 95.869010925292969 114.96026611328125
111.11171722412109 120.85189819335937 102.84510803222656 115.32539367675781 255.40115356445312 257.81307983398438 260.38568115234375 260.46453857421875 241.17256164550781 178.03717041015625 159.46182250976562 164.61483764648437 175.53544616699219 184.40151977539062 187.71170043945312 188.14730834960937 185.13894653320312 183.45843505859375 185.668701171875 190.871337890625 191.28128051757813 187.55589294433594 183.2001953125 175.14297485351562 172.0626220703125 164.31230163574219 149.37652587890625 141.10263061523437 137.24392700195312 133.85133361816406 164.0152587890625 202.05680847167969 203.62167358398437 202.47476196289062 201.47683715820312 203.48550415039062 199.53433227539062 156.24099731445312 128.64459228515625 121.90793609619141 108.18758392333984 88.045295715332031 67.300674438476563 59.134223937988281
79.144500732421875 98.157432556152344 100.19963073730469 115.05665588378906 247.68315124511719 252.58245849609375 256.59371948242187 261.33282470703125 259.414306640625 116.14994812011719 117.67690277099609 135.2052001953125 151.64132690429687 174.36444091796875 184.40699768066406 184.67559814453125 178.66676330566406 179.08761596679687 189.3177490234375 197.4471435546875 194.41334533691406 189.26382446289062 183.97055053710937 175.77325439453125 172.794189453125 164.16889953613281 150.153076171875 143.30218505859375 137.2467041015625 130.15582275390625 149.07125854492187 188.64619445800781 203.11593627929687 206.36361694335937 206.15315246582031 207.3560791015625 200.054931640625 159.02508544921875 133.98274230957031 131.29145812988281 124.51072692871094 110.58041381835937 96.556289672851562 85.829391479492188
64.895431518554688 69.726692199707031 85.004562377929688 99.035430908203125 245.23497009277344 251.07917785644531 250.23538208007813 248.91961669921875 242.68428039550781 120.74247741699219 112.65979766845703 133.1270751953125 139.94551086425781 155.41207885742187 172.12593078613281 174.73538208007812 168.71507263183594 171.47381591796875 190.24838256835937 198.75248718261719 193.73756408691406 188.81753540039062 184.94233703613281 177.89645385742187 174.26223754882813 166.76176452636719 152.879638671875 143.79843139648437 135 125.10037231445312 131.12535095214844 171.50241088867187 203.96243286132812 210.54690551757812 211.3409423828125 211.98085021972656 202.89248657226562 162.39439392089844 135.9058837890625 133.03303527832031 131.90130615234375 131.8472900390625 133.08497619628906 125.52871704101562
67.792221069335938 71.489883422851563 79.748916625976563 91.316650390625 237.27664184570312 250.14360046386719 245.01826477050781 236.03520202636719 211.61457824707031 159.21102905273437 145.55732727050781 156.29705810546875 155.76240539550781 159.26840209960937 167.43136596679687 169.28816223144531 166.03005981445312 166.83387756347656 180.8763427734375 193.44509887695312 192.1241455078125 185.1243896484375 183.50056457519531 180.69783020019531 177.432861328125 171.85992431640625 160.68803405761719 151.53314208984375 139.09944152832031 124.11819458007812 117.95905303955078 145.02029418945312 201.68670654296875 214.2763671875 215.7164306640625 217.22018432617187 208.15045166015625 168.16775512695312 143.01132202148437 139.15672302246094 136.94668579101562 138.96371459960937 142.82281494140625 142.53913879394531
71.756813049316406 78.189987182617188 86.659042358398438 97.735031127929687 204.9217529296875 238.37083435058594 230.71379089355469 223.86251831054687 198.11257934570312 158.66940307617187 151.75202941894531 161.13607788085937 160.97610473632812 163.44651794433594 169.30679321289062 169.1820068359375 168.19305419921875 170.79071044921875 174.92617797851562 184.6268310546875 187.80084228515625 180.85391235351562 180.9239501953125 182.6441650390625 180.51708984375 174.2047119140625 164.68023681640625 157.86135864257812 144.21859741210937 127.28173065185547 120.33826446533203 136.36141967773437 192.93353271484375 217.60369873046875 222.73382568359375 227.69657897949219 215.93692016601562 170.28770446777344 148.34274291992187 144.37063598632812 138.76072692871094 139.49264526367187 145.55137634277344 147.40267944335937
75.845687866210938 83.55755615234375 89.935096740722656 98.469810485839844 167.68049621582031 226.258544921875 219.82028198242187 215.35296630859375 189.04486083984375 158.04592895507812 159.90457153320312 169.36465454101562 168.46237182617187 169.852294921875 175.16348266601562 175.31967163085937 174.23330688476562 174.98117065429687 175.38800048828125 178.86175537109375 183.0343017578125 181.74403381347656 180.86396789550781 181.60743713378906 180.34577941894531 174.25312805175781 167.25997924804687 162.03788757324219 145.02729797363281 129.4661865234375 125.52531433105469 136.17987060546875 189.06028747558594 224.86018371582031 232.61138916015625 234.95108032226562 219.62544250488281 169.4022216796875 146.07844543457031 144.63063049316406 138.00578308105469 134.77023315429687 140.11447143554687 144.8209228515625
83.156402587890625 86.926902770996094 88.738258361816406 94.126792907714844 132.51907348632812 215.13790893554688 212.27987670898437 203.703369140625 175.92318725585937 157.07247924804687 163.76513671875 175.90701293945312 176.17642211914062 175.94448852539062 180.20494079589844 182.77751159667969 182.64791870117187 178.93923950195312 175.6954345703125 177.62738037109375 182.50859069824219 184.73457336425781 182.90753173828125 179.73544311523438 177.88058471679687 173.19540405273438 169.99090576171875 170.6966552734375 156.46554565429687 138.90866088867187 134.53855895996094 140.49905395507812 192.6124267578125 234.53205871582031 237.32760620117187 233.35733032226562 218.064208984375 172.09088134765625 144.49821472167969 140.99336242675781 135.28469848632812 129.27835083007812 132.39996337890625 137.25778198242187
75.168212890625 73.505508422851562 72.553215026855469 71.556022644042969 78.648040771484375 172.53497314453125 194.39730834960937 184.43763732910156 165.22756958007812 155.98745727539062 164.595458984375 179.31500244140625 183.63453674316406 185.37478637695312 188.31645202636719 190.83615112304687 187.8775634765625 181.16845703125 177.83587646484375 179.27658081054687 183.87277221679687 186.25604248046875 183.77055358886719 178.4417724609375 174.98223876953125 170.30670166015625 165.29547119140625 167.25726318359375 159.94088745117187 146.88302612304687 142.44134521484375 145.93331909179687 211.40194702148437 248.98081970214844 245.44325256347656 230.70558166503906 209.66395568847656 174.17764282226562 153.85250854492187 145.87571716308594 135.32406616210937 124.80247497558594 121.8505859375 123.59654235839844
59.359981536865234 55.7974853515625 55.114059448242188 52.145938873291016 55.615169525146484 73.170562744140625 149.07513427734375 165.39236450195312 158.87620544433594 152.80105590820312 164.19325256347656 182.08206176757812 190.85906982421875 194.65507507324219 194.63800048828125 196.93594360351562 193.33393859863281 185.49197387695312 184.4818115234375 183.22340393066406 184.90505981445312 186.11729431152344 181.30426025390625 174.69140625 171.81033325195312 169.42471313476562 160.74417114257812 156.36163330078125 150.02578735351562 139.67507934570312 136.26139831542969 145.55455017089844 225.46586608886719 248.72817993164062 241.84764099121094 219.88917541503906 193.94561767578125 173.23501586914062 161.61480712890625 152.4443359375 135.18972778320312 122.33982849121094 118.10923004150391 117.12467956542969
73.341552734375 71.69134521484375 72.835075378417969 71.271102905273438 70.069076538085938 70.996917724609375 87.251235961914063 118.16477203369141 132.02853393554687 126.30531311035156 145.55825805664062 179.89205932617187 196.84036254882812 200.63671875 201.25827026367187 209.10385131835937 207.96316528320312 197.79022216796875 197.115966796875 186.798828125 181.37100219726562 182.09310913085937 175.52098083496094 168.04483032226562 167.80087280273437 168.43257141113281 162.27685546875 156.70513916015625 139.05410766601562 124.60343933105469 129.07080078125 148.6300048828125 217.90768432617187 238.41267395019531 227.39059448242187 207.1029052734375 182.44476318359375 172.68499755859375 171.32907104492187 158.0911865234375 131.22250366210937 119.85825347900391 120.96370697021484 116.83755493164062
