MO_MDT_input/hillshade_300x300_15m.asc
ncols        300
nrows        300
xllcorner    442350.000000000000
yllcorner    4619100.000000000000
cellsize     15.000000000000
NODATA_value 0
[rows 176 to 219 of 300, columns 192 to 287 of 300]
232 221 203 188 163 137 130 106 84 84 77 72 70 68 67 69 71 72 71 68 63 57 45 43 49 56 60 59 86 117 122 115 106 107 101 93 90 76 63 61 68 81 89 96 97 99 106 108 102 100 104 107 111 115 104 70 49 48 34 64 169 193 184 175 164 158 164 163 152 149 141 130 123 121 119 110 103 96 91 72 58 68 138 205 206 195 185 181 178 169 159 157 157 152 146 146
214 185 160 146 129 114 108 89 75 78 74 67 65 62 65 71 72 67 67 66 61 55 49 49 51 51 51 50 81 117 122 113 105 108 100 87 84 71 61 67 79 94 103 103 99 97 97 96 92 95 103 106 111 114 95 60 44 45 39 89 176 185 173 166 160 156 158 151 137 134 125 109 103 106 108 105 99 92 88 73 58 92 185 215 204 187 177 176 171 160 154 156 158 157 156 153
183 147 129 121 115 109 104 89 77 79 69 55 54 57 60 63 63 63 65 61 54 53 51 51 52 48 46 51 84 116 121 115 109 112 98 81 78 67 63 77 87 98 108 102 95 93 88 85 90 98 98 98 102 109 91 52 37 47 58 117 181 179 171 169 164 160 159 149 129 116 103 91 95 104 105 99 90 83 83 71 62 134 201 208 192 176 167 165 159 153 152 151 148 148 147 145
154 124 115 109 104 104 104 95 85 85 66 49 54 58 57 57 60 62 61 55 52 53 50 47 47 45 48 60 85 113 124 122 118 118 100 79 80 78 81 90 94 105 119 115 103 92 78 80 98 105 98 98 106 116 98 54 42 64 79 133 184 183 176 174 167 160 157 140 113 104 98 91 96 100 96 86 75 72 75 69 86 163 184 171 157 146 143 139 131 127 131 130 123 116 113 123
128 112 106 100 102 107 106 95 84 85 67 52 58 58 57 57 57 56 56 54 55 59 55 50 51 53 59 64 74 102 124 126 118 114 96 80 86 87 87 90 94 105 124 128 106 85 76 92 116 118 109 118 131 128 106 69 59 74 94 159 197 190 178 166 152 144 138 115 91 96 98 94 96 95 91 84 86 98 114 129 162 187 165 143 140 137 127 110 100 101 107 115 118 115 117 131
108 104 102 100 105 109 104 91 83 92 78 63 64 56 52 53 50 50 56 58 62 65 62 59 64 69 70 65 64 95 124 121 104 99 84 73 80 79 76 79 82 93 119 122 95 79 93 122 136 128 113 121 127 121 110 87 62 66 122 184 195 180 162 144 130 121 112 92 79 88 94 99 102 102 102 110 144 186 214 225 229 228 216 201 191 184 168 152 141 135 136 144 152 163 181 197
107 106 102 98 103 106 99 95 100 110 93 71 67 57 50 49 45 49 56 58 62 65 66 68 72 72 65 55 51 97 130 117 95 90 76 65 72 75 75 76 83 101 121 116 95 83 105 131 132 118 103 99 99 98 95 87 59 72 148 179 169 153 139 129 123 120 112 100 97 107 116 120 122 138 159 182 213 236 246 244 238 237 239 241 240 235 233 235 236 239 241 240 243 248 250 252
114 110 102 94 97 98 91 95 108 120 106 76 68 58 47 48 48 49 52 55 57 60 69 74 71 65 58 54 57 111 135 108 85 81 67 58 67 73 74 80 94 113 121 108 86 72 84 97 96 91 85 83 88 87 85 89 68 84 150 167 157 143 135 132 129 123 115 112 121 144 170 187 199 220 233 238 247 251 251 247 238 239 239 241 245 246 246 245 246 248 248 250 252 252 248 250
117 104 89 78 82 85 77 84 98 110 104 77 69 58 46 51 55 51 46 48 53 58 68 72 67 61 59 60 63 101 122 101 81 79 69 64 75 76 73 78 89 98 97 83 63 57 62 68 69 69 70 70 72 79 96 104 84 96 145 158 156 162 173 180 186 192 198 203 212 229 240 241 241 245 247 245 250 253 253 249 239 240 242 244 246 246 247 246 247 248 248 249 251 253 250 249
106 92 80 73 77 76 63 71 88 92 88 74 67 60 51 56 57 49 42 47 55 58 67 70 68 62 58 60 58 73 100 97 81 82 76 77 87 79 66 64 70 76 77 67 55 54 55 62 71 75 77 73 72 94 120 117 99 109 142 162 182 211 228 234 239 242 243 241 241 247 248 245 244 247 249 247 250 253 252 247 242 243 245 248 246 244 245 247 249 250 250 249 249 250 246 247
93 86 81 78 77 69 52 63 82 85 85 83 77 65 57 60 60 54 49 59 67 62 66 70 72 67 64 68 61 58 92 98 85 83 72 68 65 50 44 55 70 77 77 68 60 65 68 74 84 90 90 84 94 125 139 129 120 137 173 207 232 246 248 248 246 245 243 241 243 247 248 245 244 248 250 249 249 251 250 247 247 246 247 250 249 247 247 247 249 250 251 248 244 247 246 246
90 86 79 75 70 60 48 61 79 82 84 90 90 71 61 65 65 63 62 74 78 63 67 78 82 74 65 71 60 54 98 119 103 88 75 67 55 45 53 68 76 75 73 67 67 75 84 95 101 108 119 138 167 185 178 166 171 192 217 238 249 253 252 251 248 244 239 240 245 248 247 246 245 247 250 250 250 250 248 247 248 248 248 249 248 248 248 248 247 246 246 242 240 247 248 245
83 79 72 70 63 51 45 50 69 83 88 96 102 86 72 76 72 68 71 81 85 73 77 86 80 65 58 72 63 58 97 117 100 82 75 68 64 67 78 82 79 75 72 76 84 89 103 124 143 168 194 213 222 220 217 216 219 223 234 248 252 254 251 251 248 243 238 242 246 248 246 244 245 245 247 249 249 250 250 249 248 248 248 247 247 248 248 248 244 241 243 242 244 250 249 246
77 70 62 60 51 41 38 41 67 92 96 100 104 84 64 69 67 63 72 83 87 79 76 77 66 60 71 88 74 61 76 90 83 71 65 60 60 71 83 82 91 102 101 109 121 140 170 193 214 227 234 240 239 233 232 232 232 232 244 252 252 254 250 249 247 245 245 244 245 246 244 243 246 246 248 250 251 252 252 250 249 248 247 246 246 246 247 246 240 238 243 247 249 251 250 246
73 65 56 55 48 45 50 58 72 88 88 89 94 74 49 52 51 50 64 78 79 75 74 74 72 79 89 92 77 66 74 89 89 78 71 66 66 84 99 101 122 133 142 166 190 215 230 237 244 242 238 244 243 240 238 231 225 229 249 254 253 253 249 249 249 249 250 245 243 245 243 244 246 247 247 248 250 252 252 251 250 249 246 244 244 242 241 241 239 243 249 249 249 249 248 247
72 66 58 59 56 54 60 65 63 71 81 87 93 77 54 52 49 44 56 65 64 67 72 72 83 93 88 83 74 70 78 85 92 93 83 82 99 130 147 155 175 180 193 219 239 247 245 244 248 244 239 243 244 244 242 233 223 224 244 254 255 253 249 251 251 250 251 247 243 245 244 244 245 246 247 247 250 252 253 252 251 250 246 240 241 238 237 241 245 250 251 249 248 247 247 248
79 73 63 63 58 52 55 55 50 56 82 96 95 79 55 51 46 38 45 50 50 56 60 62 76 80 74 71 63 60 66 65 82 103 101 127 175 207 215 214 220 229 237 245 251 252 247 244 247 246 244 244 243 243 243 239 231 229 241 251 254 252 251 251 250 249 250 248 245 247 246 243 243 245 247 247 250 253 253 252 251 251 243 234 239 240 241 244 247 250 250 249 246 246 247 247
74 69 59 59 57 52 56 56 54 57 78 96 98 86 62 52 43 37 41 43 45 50 50 52 63 63 56 61 62 59 61 60 84 116 150 207 236 239 234 231 237 245 244 246 251 252 247 244 246 248 247 247 244 241 242 242 239 239 243 249 252 251 250 251 249 249 251 249 247 249 247 244 243 244 246 246 250 252 253 252 251 249 240 235 242 243 244 245 247 248 249 247 245 244 245 244
62 60 58 62 58 56 61 63 63 63 59 82 104 97 74 56 48 42 42 42 43 47 49 50 56 51 46 56 65 63 61 72 102 155 214 244 248 244 240 236 239 246 247 244 247 249 247 244 245 247 248 248 244 240 241 243 242 243 244 246 250 250 249 251 250 249 250 250 249 250 250 247 245 243 243 244 248 252 252 251 249 245 241 242 245 244 244 245 246 246 246 245 243 242 240 237
60 58 55 61 58 58 65 64 59 51 40 72 107 100 76 53 46 40 38 37 39 48 51 48 47 43 44 53 62 68 78 105 152 219 247 251 251 248 245 242 238 241 247 246 244 246 245 243 243 245 247 247 244 240 241 244 245 244 243 244 247 249 250 251 250 249 250 251 251 251 251 250 249 246 243 242 246 249 250 248 246 248 247 246 247 244 241 242 243 244 244 243 240 237 233 227
54 54 54 64 64 59 63 57 49 47 44 61 86 86 66 47 42 37 36 37 43 51 47 38 35 37 41 47 51 69 122 182 230 252 254 253 253 252 248 248 243 240 244 245 243 244 244 243 242 243 245 246 245 243 244 245 246 245 239 238 247 250 251 251 250 250 249 251 252 251 251 251 251 247 243 244 244 245 246 246 250 252 250 248 248 244 239 238 239 241 242 239 235 232 226 217
42 49 59 72 68 55 56 52 48 53 53 46 59 71 64 54 44 37 41 49 50 49 42 36 36 37 37 39 49 104 197 241 253 255 254 252 254 253 249 250 247 242 242 243 244 244 243 242 240 239 243 248 248 246 245 245 246 245 236 234 247 250 250 252 252 250 249 251 252 252 252 252 252 246 241 244 244 243 242 246 252 253 251 249 248 244 236 235 235 236 236 232 226 225 216 206
45 54 60 63 55 45 53 55 51 56 51 37 41 65 77 65 45 39 48 52 44 39 38 38 41 38 35 46 95 194 245 253 255 254 253 252 253 251 249 251 248 243 242 242 243 244 243 242 239 236 243 250 249 246 246 246 245 244 237 234 244 249 250 252 251 249 250 251 252 252 252 253 253 247 241 243 244 246 243 243 249 252 250 248 248 242 232 230 229 229 231 227 219 216 208 198
52 59 62 60 52 46 55 57 53 57 46 27 21 50 84 77 54 49 53 48 39 37 40 42 41 35 37 90 194 245 253 254 254 253 252 252 253 252 252 252 250 245 243 241 241 243 243 243 242 237 240 248 248 246 248 246 245 244 239 237 242 247 249 250 250 250 251 252 252 252 252 252 252 247 245 246 244 247 247 242 245 250 248 246 244 235 225 227 227 228 232 226 214 209 201 187
48 51 56 57 54 51 59 61 53 54 40 21 18 47 88 90 67 52 50 44 40 42 43 41 35 34 75 189 246 253 253 253 251 251 252 253 254 253 252 252 251 247 243 240 238 243 244 243 244 240 237 244 247 247 247 245 246 247 243 239 241 245 246 245 249 251 253 253 252 252 250 250 250 249 250 251 247 245 247 243 241 247 245 241 241 234 229 231 229 228 229 219 203 198 189 177
45 46 48 49 49 52 64 64 52 52 42 31 36 52 83 90 63 41 40 39 40 42 39 31 31 66 175 244 252 252 251 249 248 248 249 251 253 253 252 252 251 247 245 242 239 243 243 241 244 242 238 242 245 246 247 247 248 250 246 240 239 242 245 244 249 253 254 253 252 252 248 247 251 252 251 252 249 243 244 241 238 242 240 236 238 236 233 233 229 224 221 209 194 188 179 171
45 47 51 55 54 58 68 64 54 57 49 39 45 51 60 67 55 40 37 37 40 42 38 30 52 146 232 247 250 250 248 247 247 247 247 247 249 251 251 249 248 248 247 244 240 241 241 241 243 243 240 242 242 245 249 249 249 249 246 239 237 242 246 246 249 253 253 253 251 249 246 246 252 251 248 248 244 237 236 233 229 229 232 232 232 232 230 230 226 218 214 203 189 181 172 166
47 50 57 59 59 65 70 61 50 54 50 45 52 49 41 51 62 53 42 45 46 46 42 41 104 212 240 243 245 246 247 247 245 247 248 248 247 247 246 244 245 246 246 243 239 238 239 240 243 244 241 243 242 244 250 250 249 249 245 240 240 243 246 247 250 253 253 253 250 247 245 245 250 247 242 243 238 226 222 215 208 210 215 216 220 223 222 224 220 210 207 196 180 173 167 163
51 53 54 52 56 64 69 60 50 51 47 43 47 45 45 56 71 61 49 48 47 45 44 65 172 237 244 245 246 247 248 247 247 249 249 247 244 241 237 236 237 236 236 235 235 236 236 238 244 246 243 243 242 243 249 251 249 248 246 244 244 245 245 246 248 251 251 248 246 248 246 242 247 244 236 236 229 212 206 197 196 201 202 201 204 205 206 209 207 204 200 184 169 166 163 159
63 61 55 51 54 62 65 63 59 59 51 38 35 35 39 49 58 63 55 41 35 35 51 125 228 246 248 247 248 248 248 248 250 251 250 248 245 239 231 228 227 225 225 228 231 234 233 238 246 247 245 243 242 245 249 250 249 247 247 246 245 245 245 245 246 248 248 248 248 249 244 236 241 239 230 230 215 192 180 175 183 189 192 195 195 192 194 197 196 195 189 173 162 160 156 150
64 60 54 51 56 63 69 70 63 62 53 37 31 28 31 39 39 47 50 28 20 53 136 231 252 251 251 250 250 249 248 248 249 250 250 249 247 242 238 237 234 230 231 230 230 232 235 241 246 245 244 243 243 247 249 248 247 247 247 246 245 244 244 245 245 245 248 249 248 246 236 226 232 228 213 204 181 158 150 156 167 172 179 187 189 189 192 196 195 191 186 169 155 152 146 139
62 60 53 53 65 79 86 79 65 62 50 33 29 32 37 40 35 36 38 22 53 171 244 254 255 253 252 251 251 249 247 248 248 249 249 248 247 245 245 245 243 242 242 240 237 235 236 240 242 242 242 242 243 245 245 243 244 247 246 244 243 242 242 245 245 244 248 247 241 235 225 222 221 201 170 156 144 136 134 144 156 161 170 182 187 189 193 195 193 188 184 166 147 144 138 131
65 65 56 56 66 75 74 65 58 61 50 32 29 33 38 40 36 32 28 43 155 241 253 254 253 252 250 249 249 247 248 249 250 250 250 249 248 248 247 246 245 245 245 244 241 238 238 239 240 240 239 239 240 242 243 245 246 247 244 240 239 240 242 245 245 242 244 239 224 214 207 198 181 154 133 131 128 126 127 136 149 159 172 181 186 191 196 198 194 186 182 166 146 145 137 126
65 62 54 54 58 59 53 50 54 61 53 36 36 41 43 41 34 28 33 100 220 240 246 249 251 251 250 249 246 245 249 251 251 251 250 249 249 249 247 246 245 245 245 242 239 240 242 242 241 240 239 239 240 242 245 246 245 242 237 234 237 240 241 240 237 232 228 214 193 188 182 163 145 132 124 122 118 115 120 136 153 165 175 181 186 190 193 195 192 183 181 166 145 143 136 125
65 58 51 50 57 61 59 61 68 72 57 38 36 37 34 31 26 28 62 179 242 244 248 250 251 252 251 248 246 248 251 251 251 250 249 248 249 249 246 245 245 244 243 240 237 242 244 244 243 242 240 240 242 244 245 243 237 232 230 233 236 235 230 226 221 214 200 177 163 162 156 142 134 123 110 108 107 106 118 139 159 171 176 180 184 187 188 191 189 182 180 166 146 146 141 129
64 59 51 48 51 58 62 69 75 76 59 37 32 28 21 17 18 47 144 238 249 248 249 251 251 251 250 248 249 252 252 252 251 249 246 247 249 248 246 246 245 243 242 238 239 244 245 244 244 241 239 241 245 246 244 238 231 230 233 234 234 229 220 213 208 195 167 144 140 140 134 124 118 107 94 97 104 116 134 148 162 172 177 180 183 183 185 188 182 174 175 169 156 158 151 132
57 53 50 52 55 60 60 65 73 79 65 43 36 30 22 19 43 140 234 252 251 249 250 251 251 251 250 250 251 252 251 250 249 248 248 250 250 248 246 246 244 240 238 238 242 244 244 243 241 239 238 243 245 242 238 231 225 229 232 231 229 221 212 208 198 170 133 118 118 119 121 117 112 102 95 97 106 122 137 149 162 172 179 181 180 179 181 183 176 168 171 173 168 167 152 128
50 44 45 49 55 60 60 65 77 85 70 44 35 32 30 41 125 232 252 253 252 251 251 251 252 252 251 251 251 250 248 246 245 247 249 250 250 248 246 245 243 240 239 242 244 243 242 240 239 239 242 246 243 236 230 224 224 229 230 226 218 209 202 197 177 136 108 106 110 117 121 114 106 100 94 91 100 114 124 143 165 177 181 182 180 176 175 174 171 170 176 178 172 166 146 124
43 42 46 48 51 54 56 65 76 79 61 36 31 34 42 93 214 247 251 253 252 251 250 250 251 251 250 252 251 250 249 247 246 247 248 248 250 250 247 245 243 241 241 243 245 244 241 240 242 244 246 244 239 231 228 225 227 229 226 219 210 200 190 175 143 108 99 108 117 123 116 103 98 94 86 80 94 118 132 150 167 174 175 176 176 172 168 165 163 167 178 177 167 164 148 124
42 45 53 55 56 57 57 63 71 71 57 40 40 48 84 187 246 249 249 249 248 248 248 246 243 241 242 246 248 249 250 249 249 250 249 249 249 249 246 245 245 242 241 242 242 242 240 240 244 245 241 237 231 225 225 228 229 227 221 210 196 181 164 142 113 93 91 99 105 105 100 95 96 91 79 70 82 108 127 148 163 167 168 169 170 166 161 161 162 167 175 174 168 170 151 121
44 47 56 58 56 55 54 60 67 68 62 56 59 80 163 239 250 250 248 247 248 250 251 249 244 240 239 241 244 247 248 249 251 251 251 250 249 246 244 246 246 242 240 240 240 240 239 241 243 241 234 229 225 220 224 227 225 223 215 199 176 154 131 113 99 83 79 81 82 87 94 95 93 84 71 67 82 111 133 152 164 167 168 167 162 158 158 163 170 177 184 184 179 180 155 121
42 47 59 59 54 51 50 58 67 70 73 70 73 129 223 246 249 249 248 247 247 248 251 251 249 248 248 247 245 244 245 247 250 250 250 248 246 243 242 245 245 240 238 239 239 239 240 241 240 235 229 225 221 219 222 223 221 217 203 176 155 134 111 102 91 77 73 74 81 95 101 98 94 85 76 70 89 131 155 159 158 160 163 164 161 164 175 187 196 200 204 201 192 189 162 127
39 42 48 48 54 58 55 66 78 87 90 92 126 207 243 246 248 249 248 246 244 243 245 245 246 250 251 250 248 245 243 245 247 247 246 244 240 237 237 240 239 234 231 233 232 234 235 233 231 225 219 216 214 214 213 210 204 194 175 154 142 122 101 92 81 72 74 86 99 107 104 97 94 88 75 65 91 139 159 158 153 152 154 158 166 181 197 208 213 213 215 211 198 194 167 132
39 33 35 44 55 53 51 72 91 114 146 185 228 250 251 249 250 250 250 249 247 246 246 244 245 247 249 248 248 247 245 244 243 243 243 241 236 232 231 230 226 222 221 222 222 223 223 220 219 212 206 203 202 198 195 191 177 165 153 140 127 105 84 76 75 73 78 88 96 100 98 92 89 80 64 55 96 149 166 165 165 170 175 181 189 200 207 209 209 210 212 210 202 199 171 131
