MO_MDT_input/hillshade_300x300_15m.asc
ncols        300
nrows        300
xllcorner    442350.000000000000
yllcorner    4619100.000000000000
cellsize     15.000000000000
NODATA_value 0
[rows 220 to 263 of 300, columns 0 to 95 of 300]
0 242 245 244 244 248 252 245 228 236 220 198 185 180 181 192 204 211 221 233 239 241 237 236 239 240 239 234 225 197 151 109 88 80 70 64 62 53 44 44 45 47 50 79 107 110 105 98 98 119 178 223 235 235 227 216 217 223 227 233 234 228 221 219 217 217 218 213 196 163 119 106 116 114 104 104 102 105 121 125 117 117 106 96 98 92 84 100 144 192 215 204 182 176 178 184
0 211 206 205 208 212 217 222 228 237 233 226 218 221 230 240 246 248 246 243 243 244 243 241 239 236 231 224 206 160 119 95 83 81 69 58 58 51 46 48 51 52 53 77 105 111 106 105 133 185 215 216 213 212 206 202 208 217 221 220 222 225 223 218 214 214 215 209 189 157 118 107 115 109 97 103 102 101 108 114 118 115 104 96 99 86 78 144 202 209 225 209 175 172 183 191
0 189 187 200 210 214 213 217 235 246 227 229 241 242 247 247 247 246 245 242 243 245 245 242 237 233 226 208 158 108 91 83 80 82 73 66 66 58 54 58 64 71 77 94 109 106 108 140 198 229 235 233 229 228 227 224 215 203 197 200 207 214 215 216 218 217 213 203 180 152 119 107 109 100 91 100 94 88 94 106 114 105 94 84 81 66 107 218 230 208 214 198 174 175 188 197
0 239 222 212 219 226 227 231 238 246 238 218 243 240 236 239 242 242 241 240 241 242 241 238 235 229 206 152 96 75 72 74 80 83 78 76 76 70 69 70 72 74 73 83 105 126 164 212 235 241 244 245 243 242 244 244 238 227 218 216 218 220 217 221 225 222 213 196 174 150 118 104 103 97 90 97 91 84 90 103 109 99 88 73 65 80 182 245 232 202 203 192 179 181 195 205
0 248 247 244 229 228 235 242 243 245 249 231 229 248 242 238 243 243 242 242 241 240 238 234 229 205 144 92 73 71 71 75 81 86 89 92 93 80 69 65 57 48 43 64 119 182 224 239 242 242 240 238 237 237 241 243 244 245 245 241 235 229 221 220 217 208 196 178 165 148 115 99 98 93 84 87 85 78 83 101 109 100 84 67 83 161 235 248 229 200 201 193 185 187 202 214
0 245 240 252 253 245 238 240 242 244 247 247 235 231 250 245 245 245 244 243 241 238 233 224 204 152 93 77 75 73 71 75 84 92 102 105 98 77 59 54 45 39 58 124 196 228 236 237 238 239 238 236 233 231 230 230 232 238 242 243 237 227 217 213 198 179 171 167 167 152 114 97 99 92 81 81 77 74 82 100 104 93 77 68 150 232 241 241 225 207 206 197 189 191 207 222
0 247 246 252 250 251 248 240 239 241 243 245 247 236 241 255 251 246 244 242 237 233 226 204 163 110 76 74 74 75 72 72 81 94 108 104 89 71 57 57 51 46 101 191 226 230 227 226 227 231 235 234 227 221 216 213 214 216 217 219 218 211 203 193 178 169 172 173 172 157 118 100 104 94 84 83 81 84 91 101 97 87 72 101 227 249 233 229 221 216 213 200 188 188 209 227
0 247 246 247 247 250 253 251 246 242 244 245 247 248 245 251 252 247 245 241 237 229 204 163 129 95 72 71 72 73 69 67 83 105 118 107 85 68 57 61 61 58 139 197 209 211 213 216 219 221 223 216 205 199 196 194 194 192 188 187 188 184 176 171 170 174 179 178 177 165 125 104 108 98 91 95 92 94 98 104 100 93 102 186 250 247 220 222 223 220 219 203 187 191 212 228
0 247 248 248 251 253 253 252 252 248 246 248 250 252 250 248 248 247 245 242 236 212 166 131 113 89 73 72 72 69 62 61 87 113 121 104 73 58 54 60 59 61 154 193 199 205 210 212 214 214 205 191 188 188 186 185 185 183 182 184 181 172 163 163 167 173 181 185 185 175 133 108 114 108 106 114 107 103 104 116 118 123 169 231 248 232 214 225 228 224 222 206 191 201 217 225
0 248 252 250 251 254 253 251 252 253 251 250 250 250 250 249 246 243 241 234 207 161 128 112 99 83 72 72 72 70 64 63 88 111 121 103 66 58 59 62 55 68 172 201 203 205 205 201 198 191 174 168 174 183 187 188 186 184 185 188 182 171 166 166 170 179 190 191 188 182 146 120 122 116 118 128 120 110 111 130 140 167 212 234 238 226 227 236 235 231 225 211 200 206 217 222
0 251 252 251 251 252 252 252 253 253 254 252 250 248 248 248 241 232 226 200 150 116 105 100 95 84 75 75 74 71 68 67 93 116 122 102 71 72 66 53 46 100 203 217 214 210 203 192 179 165 155 154 157 169 183 188 188 189 190 184 168 157 159 165 176 189 196 194 195 194 161 130 127 126 126 134 125 112 114 131 155 197 220 226 235 235 236 239 237 233 229 215 203 205 215 222
0 253 251 249 250 252 253 254 253 253 253 253 251 248 243 238 229 212 190 151 116 101 98 99 97 87 79 79 77 74 70 63 92 120 123 109 82 65 43 27 59 168 220 219 210 204 194 182 168 157 151 160 174 185 189 193 197 198 189 168 150 149 157 169 182 190 195 200 203 203 173 136 131 130 128 140 133 116 121 136 176 213 217 227 242 242 239 239 237 233 230 217 204 206 216 224
0 253 251 250 251 253 254 254 253 253 252 250 248 244 238 230 217 186 145 111 90 83 90 97 94 84 74 77 77 75 71 58 89 123 124 123 92 38 13 38 139 208 210 197 182 176 174 170 165 162 173 195 210 212 206 204 203 190 168 149 146 158 171 183 189 193 198 203 205 201 170 132 129 126 130 151 145 127 134 160 199 219 217 233 246 244 240 240 237 234 230 215 203 208 220 228
0 252 251 252 253 254 254 254 253 252 247 242 240 234 221 202 174 138 101 81 71 69 82 91 88 77 67 71 72 67 63 45 84 127 128 124 93 38 26 95 178 191 178 164 156 160 163 171 186 203 217 224 223 215 208 198 176 150 133 131 148 169 184 192 196 198 200 196 182 166 138 117 127 133 142 159 158 145 153 185 211 216 215 232 246 244 239 239 237 235 231 215 205 212 223 231
0 252 251 252 254 254 254 252 249 247 238 229 217 190 164 147 133 113 80 59 57 62 77 87 84 71 59 66 67 58 53 38 84 134 135 129 121 81 55 113 143 139 144 144 152 166 176 190 212 226 226 218 206 194 187 171 142 127 124 141 174 192 199 202 203 202 199 183 148 125 114 118 139 153 162 173 175 167 174 198 212 214 212 228 244 242 238 240 240 238 234 220 211 215 224 231
0 252 251 251 253 253 252 246 238 228 206 178 152 131 126 130 129 113 72 41 45 59 74 76 67 53 47 59 59 51 51 39 90 142 145 145 148 101 57 88 124 129 144 161 174 193 205 207 209 210 201 188 174 164 157 142 128 133 156 193 212 213 210 208 206 201 188 157 127 120 120 128 149 171 182 184 182 181 190 200 207 210 208 223 240 241 240 243 242 239 237 226 216 218 226 232
0 251 250 250 251 249 246 236 217 188 143 110 101 109 121 127 127 118 84 55 64 68 59 48 42 43 52 62 58 54 55 44 101 153 154 147 133 87 54 67 144 191 206 214 218 221 220 213 206 195 177 160 148 139 131 122 129 167 207 225 226 219 212 208 204 191 162 128 115 120 128 143 163 179 187 189 188 192 200 203 205 208 208 222 239 242 242 243 241 238 238 230 220 223 230 233
0 249 247 247 247 245 237 212 168 134 107 92 91 103 118 123 122 123 102 75 81 78 52 30 31 45 54 61 61 59 58 53 117 160 152 132 114 84 53 52 149 208 222 225 222 217 215 213 202 176 150 136 128 123 129 146 181 213 226 226 222 218 213 208 194 166 138 124 123 128 138 155 169 173 177 189 198 204 207 208 209 209 208 222 238 241 241 242 242 241 239 232 225 227 230 231
0 242 238 238 237 230 208 159 115 102 94 84 86 107 123 126 125 129 107 71 68 63 45 36 39 40 47 61 61 56 56 66 134 165 146 120 106 83 51 55 157 195 202 205 203 197 187 179 168 148 137 136 135 145 177 210 227 228 223 219 217 215 212 199 167 132 120 125 134 141 149 156 160 165 177 195 206 211 212 210 211 209 208 222 236 240 242 245 245 242 239 232 227 228 228 226
0 213 207 205 202 191 160 118 95 90 85 81 85 109 128 132 133 134 111 71 59 53 46 57 62 58 67 74 63 53 53 83 151 166 137 112 105 86 52 88 198 212 200 189 185 176 158 146 143 139 137 151 180 210 227 233 232 227 221 217 214 208 196 171 134 111 108 119 130 141 153 158 160 167 185 202 210 214 216 214 216 216 216 226 236 242 244 246 244 239 236 231 227 228 224 220
0 161 160 158 157 153 134 103 86 83 84 87 89 112 130 134 136 130 107 76 65 60 57 59 54 57 76 79 66 58 62 113 161 151 121 105 102 89 68 142 209 206 185 169 163 159 152 148 143 139 154 193 222 234 234 229 224 221 218 215 207 189 160 135 115 108 116 130 138 147 158 167 174 182 193 202 208 213 220 220 221 223 226 232 236 241 243 242 239 236 233 229 227 227 220 212
0 131 135 138 143 146 127 91 76 76 82 85 79 102 129 137 138 124 100 76 62 55 49 42 36 47 71 82 75 71 96 153 161 131 111 99 93 82 101 178 194 171 159 158 159 158 156 154 163 188 218 232 234 232 228 224 219 214 210 204 186 152 124 113 107 109 124 137 149 163 175 186 195 199 201 205 208 212 219 222 223 225 230 231 233 236 236 235 234 232 230 226 223 223 213 200
0 125 132 138 142 141 121 84 71 72 75 72 63 99 138 146 138 115 92 70 54 48 42 39 44 62 75 80 83 87 122 152 134 115 107 95 100 128 193 234 238 231 223 208 191 189 197 208 226 240 245 242 236 231 226 219 212 206 196 178 148 121 110 105 102 108 123 142 159 172 184 194 201 204 204 205 205 208 211 214 213 217 222 222 223 226 227 227 228 228 228 224 218 217 202 182
0 116 125 132 134 130 113 83 73 76 76 71 69 114 146 146 132 107 89 70 55 51 45 44 53 70 86 87 97 117 142 140 117 117 127 151 188 225 246 252 252 251 252 250 249 251 250 251 252 250 247 242 236 231 225 215 206 199 183 151 122 111 108 107 104 105 117 140 162 179 190 198 205 208 208 206 202 201 201 196 187 188 190 195 206 215 219 222 225 226 228 223 213 209 187 159
0 125 131 131 128 125 115 90 76 79 80 76 79 120 144 142 127 105 92 73 62 62 49 38 46 65 84 87 100 136 153 155 173 201 222 236 244 250 250 249 249 251 252 251 250 253 254 254 254 250 245 239 232 224 217 206 195 184 161 132 118 113 111 110 106 105 125 158 177 187 196 203 207 208 208 207 202 197 188 170 158 154 153 164 182 195 204 213 221 226 229 222 208 195 164 141
0 139 142 135 129 127 123 99 77 79 77 74 76 117 142 141 127 105 94 78 69 68 43 29 40 60 77 81 92 136 181 223 245 246 248 249 250 252 254 252 251 251 251 252 252 252 253 253 251 246 240 234 224 210 196 184 174 160 137 121 118 114 106 101 101 122 172 201 207 204 201 203 208 210 211 208 197 182 160 144 143 143 147 161 170 177 189 200 207 213 217 214 198 170 140 127
0 132 133 131 129 129 127 103 78 76 70 62 65 115 147 147 129 102 90 76 69 61 38 37 54 66 76 79 103 173 230 249 253 250 248 248 251 252 253 253 253 252 252 251 251 251 251 248 244 237 231 221 206 188 171 159 147 132 110 94 89 89 88 93 119 174 211 217 215 213 210 209 211 213 210 200 179 151 132 135 144 145 149 156 158 165 176 187 194 197 200 199 178 147 130 121
0 130 130 132 132 128 127 107 79 74 64 56 66 123 154 150 123 94 86 72 63 56 46 59 71 68 72 88 149 220 242 243 244 250 251 251 251 251 251 252 253 252 251 250 250 249 245 241 233 219 200 177 155 144 140 132 120 109 93 80 76 79 91 133 192 221 225 221 217 216 215 214 211 205 193 176 153 129 122 130 137 134 141 151 157 163 172 184 192 194 197 194 171 146 132 122
0 130 128 129 130 135 140 115 79 70 64 63 83 137 160 149 118 93 85 70 61 57 57 66 65 60 74 131 206 237 243 242 239 240 246 251 252 252 251 251 251 251 251 250 248 245 233 212 186 162 142 128 122 120 119 116 111 102 91 86 88 109 163 219 239 238 229 223 221 220 217 209 198 187 170 150 132 119 117 123 124 123 138 161 176 183 187 192 193 194 198 196 176 154 135 122
0 132 130 131 134 142 143 110 74 70 68 70 92 143 163 148 113 89 81 66 58 55 54 54 54 61 88 170 224 237 240 239 235 233 236 240 244 247 249 250 250 250 251 250 244 226 188 146 119 106 105 112 119 120 117 116 108 94 80 74 107 180 224 235 237 230 224 220 220 219 213 202 190 173 148 128 113 100 99 112 123 133 157 180 190 192 190 187 186 190 197 198 185 163 138 124
0 134 135 138 143 145 137 102 75 77 75 74 94 141 159 139 103 83 77 65 59 57 54 53 58 69 109 197 228 234 236 233 231 232 233 235 237 239 242 244 245 245 243 233 198 149 112 94 92 93 91 95 105 114 119 118 106 87 77 103 185 230 236 229 223 218 218 218 218 216 210 199 179 147 120 107 94 83 91 118 140 160 182 194 196 194 193 191 189 190 197 199 190 168 138 124
0 136 137 140 144 147 138 104 82 83 75 68 91 138 150 122 87 74 70 63 60 61 59 60 65 81 148 220 233 234 235 234 233 233 234 234 236 236 234 231 229 225 210 167 113 89 83 83 89 95 93 89 94 101 106 110 104 98 133 208 237 239 235 229 221 218 220 220 219 214 197 172 142 115 101 92 82 78 93 125 152 175 188 193 195 196 201 203 201 203 205 202 195 175 137 121
0 139 142 145 147 149 137 102 82 80 69 61 99 152 144 101 73 64 62 59 59 62 66 72 80 123 206 235 237 236 236 235 236 237 237 236 236 234 230 225 214 192 161 116 78 66 69 72 75 79 81 87 99 104 106 113 109 136 209 238 239 233 227 223 221 222 224 223 218 200 165 138 120 108 101 91 81 79 110 159 181 187 189 191 193 196 200 199 197 199 200 196 194 176 131 118
0 138 145 152 156 156 138 99 81 77 64 56 113 160 124 78 61 56 57 57 57 62 70 79 114 196 239 244 242 240 239 238 240 239 239 238 237 234 229 216 185 144 117 87 59 54 63 66 66 71 78 91 107 115 120 129 145 201 230 233 228 226 225 224 224 227 228 221 199 160 131 120 111 105 102 93 85 98 159 198 204 198 193 191 191 192 195 195 191 186 184 181 181 172 134 122
0 138 145 153 158 160 138 92 76 70 58 56 126 153 95 60 53 52 57 58 61 66 73 111 201 246 251 249 246 243 241 241 244 243 239 236 234 228 210 176 137 115 106 81 55 55 66 70 69 77 88 112 147 173 190 202 223 241 243 240 235 231 228 227 225 224 219 197 157 126 115 109 102 97 92 84 91 139 189 198 196 196 194 193 194 195 198 200 200 196 187 176 174 180 157 129
0 147 151 154 157 159 132 85 73 65 55 65 139 145 79 56 52 51 57 63 67 89 140 217 250 254 253 253 251 248 245 245 247 246 243 238 231 212 167 127 109 105 103 79 53 54 60 58 76 118 158 203 230 241 246 250 252 251 247 243 239 235 233 232 228 218 192 153 125 114 108 103 96 86 79 87 131 187 204 200 197 199 200 199 200 202 205 208 207 199 186 175 174 182 168 128
0 157 160 163 164 158 120 75 66 59 54 84 148 135 72 58 53 57 77 104 137 192 239 253 254 254 253 253 252 251 250 250 250 247 244 239 221 170 117 101 100 98 92 71 51 45 39 61 138 197 223 236 238 237 239 244 247 246 242 237 233 231 230 228 218 185 145 116 102 99 97 97 92 82 89 138 191 210 209 206 204 205 208 210 210 211 210 202 189 176 167 168 173 178 170 137
0 170 172 172 168 148 98 60 53 52 55 107 155 122 68 58 56 92 165 212 233 246 253 253 253 251 250 251 251 251 250 248 245 240 233 215 170 116 91 90 92 88 79 66 49 34 49 135 205 217 214 212 210 214 218 223 227 229 229 228 227 225 223 215 184 133 109 96 87 87 89 90 85 87 138 200 217 213 211 211 210 210 214 215 214 206 188 166 151 147 153 164 173 179 180 156
0 181 176 168 155 124 80 56 53 52 61 123 147 95 59 56 79 170 235 246 248 249 251 251 248 245 244 244 244 244 242 236 230 224 209 170 120 92 83 86 90 88 82 70 46 35 100 194 213 206 201 205 211 215 219 220 218 216 214 214 216 217 213 193 143 106 98 90 85 86 88 88 86 121 190 218 219 218 220 215 212 213 215 211 201 182 159 145 133 132 151 172 181 184 181 167
0 180 169 162 142 105 73 56 51 46 71 133 128 77 61 73 143 223 241 243 244 247 248 245 239 232 227 223 219 213 206 198 193 187 169 131 100 86 84 89 95 97 86 68 50 57 143 196 206 208 210 214 217 218 219 218 214 209 205 204 204 203 188 151 106 86 85 85 85 87 89 90 121 186 216 216 213 214 216 214 212 210 208 201 183 161 147 143 135 140 162 178 183 185 182 179
0 174 165 155 122 87 68 52 46 48 99 142 117 82 81 128 204 228 228 225 221 215 207 203 197 191 188 184 177 171 164 158 156 152 137 107 87 84 85 89 95 93 77 60 55 87 175 205 209 212 214 219 222 222 221 218 215 210 205 202 196 177 143 108 82 70 72 80 86 91 97 106 155 194 201 196 195 200 206 208 207 204 199 186 163 142 129 122 127 158 178 178 179 184 184 185
0 169 163 146 105 78 64 48 52 77 129 141 118 109 127 185 216 214 205 191 172 154 146 152 157 159 161 159 156 155 155 153 152 146 131 104 86 86 85 84 85 84 74 64 70 137 208 220 215 212 213 217 220 220 219 216 213 209 204 194 171 135 108 88 68 59 65 80 92 100 107 130 171 177 173 182 193 200 203 201 199 197 185 156 137 129 116 120 152 182 191 189 188 190 189 188
0 166 158 131 93 75 67 62 82 123 164 167 156 159 174 195 192 185 174 152 137 133 140 150 153 153 154 155 156 158 160 158 151 140 125 99 80 81 76 75 80 83 81 75 104 191 220 220 216 215 215 217 217 217 215 209 203 196 184 165 140 116 103 85 61 55 61 73 82 94 110 152 195 205 204 208 209 207 203 198 195 190 169 137 120 104 113 164 199 204 199 197 197 198 197 194
0 172 147 108 85 80 93 130 179 219 233 228 222 218 215 211 187 161 144 130 130 134 140 145 146 146 146 148 153 158 161 157 145 131 116 91 71 68 66 71 81 86 86 85 142 205 213 212 215 216 217 218 214 209 204 193 176 157 139 125 116 109 102 82 63 60 62 74 104 147 183 216 227 228 223 213 200 190 187 187 182 166 138 118 103 102 157 202 210 207 206 205 207 206 202 197
