MO_MDT_input/hillshade_300x300_15m.asc
ncols        300
nrows        300
xllcorner    442350.000000000000
yllcorner    4619100.000000000000
cellsize     15.000000000000
NODATA_value 0
[rows 132 to 175 of 300, columns 0 to 95 of 300]
0 99 107 97 83 82 88 92 89 94 105 111 123 125 104 146 185 169 124 143 198 191 175 200 224 238 241 240 241 240 234 228 225 223 222 221 222 225 230 237 241 242 243 244 245 245 245 247 246 245 243 244 245 247 202 88 73 72 72 78 80 72 80 86 74 72 75 69 82 104 113 99 74 66 66 66 63 57 57 70 78 78 84 96 102 102 106 114 122 119 113 116 105 102 92 85
0 110 124 107 91 90 89 85 79 80 91 101 106 96 88 151 185 150 107 156 198 203 226 242 245 243 241 239 239 239 238 235 231 226 223 222 225 231 239 244 246 247 246 246 245 247 250 251 251 249 247 245 245 244 169 71 70 72 73 77 75 66 72 76 65 57 56 56 78 101 99 77 59 61 65 65 62 59 61 66 65 66 75 84 87 86 88 92 95 87 77 80 79 79 86 123
0 131 131 107 89 82 72 68 71 79 89 91 83 71 70 137 158 122 143 214 236 243 248 244 237 234 237 238 239 239 238 237 235 232 230 230 233 238 242 243 244 245 247 248 249 251 253 253 253 252 251 249 245 239 146 69 68 70 72 72 69 60 68 80 79 74 72 71 85 93 83 69 59 64 65 63 63 64 64 66 65 72 80 78 75 73 75 79 81 72 65 72 76 80 95 117
0 172 156 114 80 61 49 53 67 73 77 73 66 60 66 124 152 172 227 247 249 245 239 234 231 232 236 238 239 239 238 237 236 236 238 240 240 237 235 235 237 240 243 247 250 252 253 253 253 253 253 252 250 242 148 80 71 68 71 66 57 56 72 89 88 85 88 92 99 97 92 84 70 68 65 64 69 71 69 68 71 82 89 81 71 69 69 69 67 60 57 64 65 62 64 58
0 194 187 110 57 41 34 46 63 64 64 63 62 61 71 118 179 222 240 239 232 224 220 221 223 227 232 236 237 237 236 235 235 236 239 241 241 239 237 237 240 242 243 245 247 249 252 254 254 254 254 254 253 243 157 86 65 67 70 64 60 68 83 94 91 93 97 99 91 94 99 81 62 60 58 60 65 66 63 65 76 90 101 90 70 68 68 66 63 55 48 46 40 30 21 15
0 186 188 106 44 31 26 48 66 66 65 63 61 61 71 133 209 222 217 212 209 208 212 216 220 223 228 230 230 229 230 230 231 234 238 241 242 242 243 243 245 246 246 247 247 249 253 255 253 253 254 255 254 239 154 71 51 67 70 72 77 82 91 96 92 96 104 103 76 63 86 85 76 74 70 67 65 62 62 70 85 98 105 93 72 67 65 61 58 48 37 33 23 12 5 12
0 170 169 103 35 12 11 50 66 65 63 60 57 55 73 163 219 215 202 197 194 199 206 210 215 222 227 227 226 225 226 227 229 231 234 237 240 241 242 243 245 248 250 251 251 251 252 253 240 239 242 244 242 232 151 66 54 69 68 80 92 92 99 104 99 101 103 93 65 53 90 96 80 81 81 78 73 70 73 80 92 103 107 99 78 69 65 57 54 42 32 28 18 10 8 24
0 157 140 81 23 1 1 50 61 60 59 57 54 52 82 174 208 202 193 189 188 189 195 203 212 218 222 224 225 225 226 227 230 230 227 226 229 234 238 241 243 246 250 253 251 249 237 198 178 189 180 183 198 214 162 73 62 69 68 81 95 96 97 96 89 87 87 86 77 79 104 117 93 72 67 68 70 74 79 82 94 107 115 107 82 72 61 47 44 35 26 23 18 16 16 36
0 144 136 74 12 1 7 56 59 58 57 56 55 52 91 178 202 198 194 196 199 206 213 217 219 218 217 217 219 224 227 229 231 231 228 225 224 227 231 234 237 239 241 241 232 209 139 105 134 171 179 187 200 209 168 72 59 62 62 78 97 97 89 81 76 79 93 108 108 106 111 118 120 101 83 78 78 82 87 86 97 113 118 100 74 72 58 41 36 29 21 20 21 20 21 40
0 165 146 72 18 7 32 60 59 57 57 55 51 45 92 183 202 203 207 214 219 227 231 228 222 213 199 193 201 209 214 221 226 229 228 227 226 226 226 227 228 225 217 206 182 125 90 125 167 196 208 204 196 195 166 79 59 53 53 72 96 94 87 84 89 104 122 130 123 114 113 112 113 113 117 107 93 92 90 82 98 119 116 89 69 75 66 56 66 58 45 48 39 26 30 44
0 199 154 77 50 49 59 65 63 60 60 58 53 49 99 186 201 203 211 218 222 224 224 222 214 192 175 179 188 194 200 207 211 213 217 222 225 227 227 224 212 186 168 163 142 106 118 162 189 200 199 187 179 180 163 84 54 42 43 61 81 79 80 90 105 119 127 129 116 103 103 104 104 107 104 93 81 74 71 73 104 123 109 86 73 79 73 73 91 71 59 83 69 54 75 75
0 216 173 109 94 75 69 71 66 61 60 60 60 61 99 179 194 196 198 201 205 208 210 206 186 163 171 186 190 191 194 195 193 195 200 208 215 221 221 208 171 146 148 135 103 102 142 170 176 179 180 182 189 192 173 89 46 37 39 57 75 72 81 98 114 115 109 109 92 78 77 76 79 82 71 69 81 84 74 85 125 130 106 84 72 74 69 67 69 52 54 83 79 80 107 95
0 227 194 140 118 86 76 75 67 59 56 59 63 66 80 158 188 190 191 189 193 200 195 171 145 147 174 188 189 187 184 182 182 183 184 183 185 190 188 162 141 160 166 131 101 125 156 172 171 164 166 182 194 198 185 104 57 52 55 73 89 86 94 103 105 93 79 79 69 61 62 65 71 72 74 87 110 119 105 119 139 122 97 80 68 68 63 55 52 46 44 58 69 79 91 78
0 222 212 160 106 75 74 70 65 62 61 65 71 72 65 142 187 186 184 180 185 191 173 142 143 166 188 194 193 192 192 187 174 163 157 155 152 150 139 121 147 185 174 119 122 158 174 183 186 184 184 188 190 190 178 113 67 65 69 81 88 83 84 86 83 70 60 61 66 75 83 96 106 107 115 124 127 110 88 121 137 113 96 83 70 63 54 50 54 51 46 63 80 82 81 70
0 204 205 153 64 51 62 62 65 66 67 72 76 76 61 122 181 174 172 174 187 187 151 140 169 189 200 204 207 209 206 189 168 155 145 139 134 127 112 116 164 182 137 109 153 177 181 187 191 194 197 195 189 185 175 124 81 74 74 77 75 72 74 78 77 71 72 82 101 113 110 115 119 119 123 124 112 87 68 85 123 113 96 80 60 48 45 51 59 63 67 80 83 82 85 77
0 183 174 112 35 44 63 70 74 75 75 78 77 71 52 85 163 168 173 183 187 167 137 166 196 206 210 213 215 211 191 166 157 158 152 146 138 126 121 153 178 150 104 158 202 201 198 204 209 209 206 201 194 188 192 179 132 103 92 88 81 77 79 85 87 84 89 100 111 112 102 102 106 107 105 98 89 73 63 67 92 97 80 62 43 41 52 66 72 72 69 69 67 70 74 64
0 160 154 103 46 62 76 78 77 75 76 73 63 50 38 58 152 179 181 185 176 153 161 200 215 220 222 220 212 188 155 144 148 153 154 156 152 143 154 174 165 120 134 183 191 195 212 224 231 235 237 225 197 178 180 200 176 118 106 98 88 83 87 92 90 86 82 79 76 73 66 66 71 74 71 68 71 63 57 62 70 85 85 59 46 59 77 84 79 72 65 63 61 60 61 52
0 148 150 127 82 76 71 60 52 53 60 55 40 35 35 50 147 187 182 179 175 180 201 214 218 220 221 213 187 149 134 136 142 149 151 154 155 157 167 160 125 117 161 168 166 193 214 226 232 232 226 205 178 172 173 182 196 138 110 101 89 85 89 94 92 86 77 71 72 72 68 68 69 67 58 51 53 48 52 73 90 112 130 105 82 85 93 87 78 71 66 67 65 62 58 54
0 132 137 136 112 85 66 47 43 46 52 47 31 35 43 57 144 193 187 184 185 200 215 218 213 213 211 189 148 126 128 130 137 144 147 152 157 160 158 136 110 140 174 194 216 227 224 217 206 182 157 156 180 202 208 214 230 191 124 102 83 81 85 91 90 86 83 82 87 90 89 91 92 88 80 74 79 84 104 128 134 132 132 134 132 136 132 113 94 83 80 84 83 77 77 85
0 109 118 120 128 127 102 81 88 84 67 50 33 40 52 68 134 192 188 185 188 198 208 210 207 206 196 158 122 119 126 130 140 145 146 152 158 162 165 162 173 200 216 237 241 240 236 210 170 154 162 183 205 218 223 230 238 219 136 94 74 77 83 90 90 90 89 89 91 92 91 95 99 98 101 108 118 128 141 146 135 124 124 132 140 145 154 151 138 132 134 134 127 124 132 146
0 104 118 124 132 154 148 122 118 94 59 47 52 66 74 83 123 190 198 192 194 199 200 191 183 182 167 128 112 123 133 137 148 155 158 173 195 216 221 214 221 226 222 218 210 206 202 182 179 190 199 205 211 217 222 224 221 207 133 74 61 70 81 91 92 93 92 89 94 101 102 110 119 120 130 141 143 140 138 137 125 122 130 134 137 140 150 158 156 165 182 183 182 185 183 187
0 117 123 127 128 130 146 145 102 58 24 33 73 89 89 90 112 182 204 203 208 209 198 171 157 154 139 113 105 124 143 155 163 168 181 203 217 219 207 204 212 210 191 165 157 152 140 152 185 204 211 213 216 219 218 215 213 214 149 73 63 74 85 92 91 87 80 77 93 109 114 125 131 132 145 156 154 145 140 144 138 135 138 139 143 147 154 159 160 174 190 192 195 198 193 192
0 126 129 129 129 127 125 110 76 28 1 27 82 91 88 88 99 154 188 199 214 207 179 152 145 131 104 86 97 132 152 164 176 186 196 200 187 160 173 214 223 204 187 186 186 181 174 180 194 207 218 222 222 218 212 209 211 215 168 89 80 85 89 92 90 78 67 66 92 123 133 136 132 134 147 159 158 146 138 140 135 129 130 139 148 149 154 160 163 176 187 190 199 204 199 194
0 125 134 135 132 127 122 118 95 24 1 33 88 92 91 92 97 127 184 196 192 168 147 143 142 129 111 109 137 177 193 194 198 203 202 194 187 195 216 230 244 248 238 221 215 216 220 223 222 222 224 225 224 220 213 208 200 184 166 107 82 89 98 99 94 80 72 77 114 151 156 142 129 134 150 165 163 144 130 133 126 120 123 136 145 143 151 160 163 174 183 185 198 207 204 194
0 121 133 134 131 128 125 124 105 41 11 44 93 96 95 89 86 101 156 169 143 129 138 143 141 143 156 182 211 230 237 240 239 235 228 225 230 238 234 228 238 254 250 249 233 223 228 234 234 229 225 222 222 220 212 195 176 163 171 148 102 117 124 117 99 83 84 92 130 166 165 142 124 130 153 172 169 144 126 127 124 123 126 136 142 142 153 162 165 177 186 187 197 208 205 189
0 115 130 130 128 128 130 132 133 94 36 54 101 98 88 75 70 86 114 141 135 136 148 145 145 170 203 228 241 246 246 249 252 251 250 244 240 242 240 235 229 234 250 247 248 233 225 227 229 227 222 214 207 199 183 164 151 152 166 175 147 150 147 121 86 78 94 100 137 172 169 143 123 130 156 179 177 148 121 114 118 128 133 137 139 143 155 165 167 180 192 192 196 204 201 184
0 109 126 126 124 126 130 136 145 116 49 64 100 92 78 68 69 88 102 141 161 162 169 174 195 221 235 241 243 244 244 246 250 251 252 249 243 239 237 234 229 222 231 247 242 248 233 221 221 221 215 201 184 162 142 135 137 145 155 165 175 182 161 104 64 75 103 108 144 174 168 144 128 136 158 178 176 143 108 100 116 138 145 139 133 138 153 165 167 177 189 191 193 200 195 180
0 105 126 124 117 120 126 131 134 125 86 79 91 86 75 68 70 80 81 113 174 192 205 220 233 237 235 233 233 236 242 242 237 233 233 236 237 234 231 227 227 228 223 226 237 243 238 220 209 201 191 178 164 146 131 131 143 155 162 160 163 181 146 76 55 80 108 112 143 167 160 146 136 139 150 160 155 119 93 103 127 149 154 137 123 127 150 170 172 180 190 192 194 199 191 174
0 95 120 127 122 125 129 131 131 138 132 95 87 84 75 64 58 62 62 97 181 203 215 224 226 225 223 222 222 225 226 212 194 184 183 192 207 217 220 223 221 219 217 208 198 195 195 193 181 168 158 149 142 130 123 135 152 162 162 155 146 143 115 64 60 85 103 108 136 162 161 149 137 136 134 132 130 115 115 131 140 148 150 129 111 117 151 180 182 189 195 194 190 188 183 158
0 87 108 126 128 135 138 137 137 143 150 114 80 80 68 50 43 52 62 96 190 207 208 207 209 211 214 218 219 210 184 153 155 171 184 193 194 195 197 199 200 203 203 179 147 135 139 151 150 141 128 116 111 107 122 151 162 157 151 141 130 126 116 85 77 93 100 109 142 170 169 146 129 129 123 119 122 133 146 150 142 135 136 123 109 117 159 192 193 195 196 195 182 169 162 138
0 87 106 123 124 134 138 136 137 141 146 125 85 85 64 42 40 52 62 85 180 197 194 191 192 197 204 207 198 170 143 143 170 187 197 205 204 199 190 186 192 198 192 151 128 128 134 142 139 123 103 95 103 127 164 179 173 164 152 137 129 126 116 91 77 90 101 121 157 181 167 132 117 119 115 110 118 141 154 152 133 116 117 115 111 121 169 201 200 195 190 190 170 148 141 126
0 93 98 113 120 128 133 132 133 135 134 128 104 84 59 39 41 53 63 71 162 185 179 178 182 187 191 182 152 132 139 165 193 203 206 210 210 206 199 193 196 195 164 115 122 140 144 134 116 99 97 130 177 202 198 176 162 153 140 130 127 128 116 96 78 75 92 117 142 166 148 115 112 115 112 109 130 152 155 151 125 106 108 114 119 132 177 206 203 190 182 182 159 136 131 124
0 97 90 106 121 127 132 129 131 134 132 131 112 76 48 31 37 53 64 65 153 188 180 180 184 185 178 156 129 135 158 185 202 209 213 213 211 206 196 185 178 161 114 96 133 161 158 131 108 106 138 183 206 201 169 144 135 127 123 122 123 123 115 109 90 73 86 95 103 113 102 91 101 106 101 102 136 156 149 146 124 108 112 122 135 152 181 201 199 181 172 174 148 123 121 128
0 95 90 98 115 126 127 123 128 132 132 131 121 89 53 40 47 57 63 63 133 187 179 177 174 169 160 147 145 165 185 197 200 201 203 203 202 200 196 185 160 125 103 129 169 176 150 121 128 162 192 191 169 140 123 119 117 119 120 121 122 121 113 112 96 77 85 87 89 87 77 70 79 88 86 99 136 150 139 136 119 107 116 134 155 173 182 189 194 177 163 161 134 113 119 133
0 91 89 89 105 124 126 126 134 139 137 132 127 107 68 53 57 61 62 61 103 176 179 175 168 160 152 149 161 184 196 197 194 190 188 187 187 188 187 176 152 132 145 181 196 173 125 111 153 191 193 169 140 118 108 113 121 128 133 133 131 129 122 117 104 84 80 78 77 73 71 70 75 75 73 94 125 134 125 120 107 100 118 146 168 184 185 177 185 172 146 137 121 115 125 141
0 90 92 95 102 119 126 128 137 142 139 132 124 120 96 76 77 70 61 59 73 158 180 177 172 164 157 160 174 189 193 191 188 182 176 173 174 175 170 158 148 154 175 191 181 134 98 120 167 178 158 132 113 103 106 121 138 151 157 154 146 139 128 119 115 92 75 74 72 68 64 65 69 69 76 93 109 111 101 96 89 90 114 136 147 158 160 148 160 149 114 114 120 126 136 152
0 89 94 99 95 96 109 120 130 135 133 129 128 133 142 125 101 80 64 63 63 148 185 176 171 167 170 180 188 190 185 180 174 169 166 165 165 165 156 146 152 170 183 181 147 98 91 133 162 155 135 122 116 114 119 132 151 166 166 155 146 139 125 117 115 94 71 71 70 67 64 65 68 72 87 99 98 90 80 77 74 75 87 94 97 102 103 104 117 111 98 116 126 128 143 159
0 87 90 93 84 70 93 119 126 128 125 124 130 140 162 163 110 79 66 65 59 116 174 163 164 169 177 183 185 183 180 178 176 175 177 178 174 166 150 148 168 182 187 179 128 88 105 149 159 147 136 129 127 126 130 141 158 166 155 140 134 129 119 111 112 97 76 75 74 70 67 69 73 78 85 85 77 71 66 64 63 61 63 69 77 84 91 96 95 91 99 116 119 125 150 164
0 83 85 83 68 56 73 110 124 126 128 131 139 149 159 157 116 72 57 53 44 65 145 158 162 169 175 179 182 186 191 195 197 196 191 183 173 158 143 156 176 181 169 137 90 79 112 142 139 128 119 110 113 126 143 161 173 166 140 126 123 120 114 111 114 107 89 82 78 74 71 72 76 75 76 74 66 57 51 47 49 52 58 70 75 76 83 88 88 88 94 96 95 109 134 139
0 73 69 67 59 53 56 103 133 134 137 142 150 157 158 141 99 61 47 39 30 37 130 180 177 177 180 186 190 195 199 202 201 195 186 173 158 141 139 164 175 167 137 100 79 84 114 129 123 116 110 111 124 144 164 181 183 153 117 112 117 120 117 113 116 115 95 73 68 68 70 75 77 70 71 71 61 51 49 53 57 57 57 62 63 64 72 80 82 83 84 81 75 82 97 94
0 62 50 54 57 54 53 106 143 142 146 152 158 161 151 113 69 44 34 28 25 35 118 189 183 183 186 192 197 198 197 194 187 176 167 155 144 139 159 182 184 153 104 85 77 83 104 117 119 118 121 131 148 164 173 177 164 126 107 115 123 125 118 113 117 122 97 67 67 72 76 77 71 66 73 70 59 55 60 68 69 61 55 55 56 57 63 69 70 70 71 71 75 84 87 76
0 53 46 57 60 55 53 102 149 155 161 165 166 160 132 85 58 43 34 29 27 40 89 170 181 188 196 202 204 198 189 180 169 161 156 146 142 162 189 197 188 138 83 64 55 65 92 118 125 126 133 143 158 170 173 161 131 109 114 127 131 125 117 118 127 133 106 75 78 80 82 80 69 67 73 68 58 58 65 68 62 56 55 56 55 55 61 69 71 74 74 68 69 67 60 52
0 51 51 62 65 57 54 98 154 167 168 164 160 150 114 75 64 53 48 45 37 43 68 162 188 191 198 199 195 187 174 164 157 155 156 160 178 196 200 186 149 90 55 50 59 79 110 130 133 139 148 154 159 163 160 140 111 103 111 125 131 125 122 127 135 137 109 77 77 79 83 78 69 71 74 67 60 67 73 70 62 59 60 57 59 61 64 73 75 74 66 54 51 46 42 37
0 81 77 75 70 63 61 99 155 167 164 159 155 141 101 71 66 59 58 58 49 50 71 153 193 190 189 180 172 166 161 157 157 163 171 184 201 206 190 147 98 61 47 63 96 122 132 130 132 148 156 156 156 157 149 122 108 113 117 127 131 129 129 130 134 136 109 77 78 82 80 69 63 64 63 59 60 70 72 66 63 61 60 59 63 59 59 67 64 56 48 43 47 50 48 40
