MO_MDT_input/hillshade_300x300_15m.asc
ncols        300
nrows        300
xllcorner    442350.000000000000
yllcorner    4619100.000000000000
cellsize     15.000000000000
NODATA_value 0
[rows 0 to 43 of 300, columns 0 to 95 of 300]
0 0 0 0 0 0 0 0 0 0 0 0 0 0 0 0 0 0 0 0 0 0 0 0 0 0 0 0 0 0 0 0 0 0 0 0 0 0 0 0 0 0 0 0 0 0 0 0 0 0 0 0 0 0 0 0 0 0 0 0 0 0 0 0 0 0 0 0 0 0 0 0 0 0 0 0 0 0 0 0 0 0 0 0 0 0 0 0 0 0 0 0 0 0 0 0
0 61 77 105 118 116 115 139 163 162 156 156 156 146 134 128 129 127 126 122 104 92 114 143 151 145 145 156 166 173 175 177 176 174 178 187 189 188 183 180 182 181 178 170 159 151 143 139 138 137 146 180 191 177 160 155 170 197 214 228 234 235 238 238 237 234 233 233 233 234 234 232 225 217 219 222 221 222 225 224 219 217 222 222 215 215 220 221 217 211 202 197 196 207 223 228
0 83 107 126 129 130 137 149 155 151 142 136 138 141 130 122 123 121 115 106 96 104 124 136 141 142 146 153 159 167 172 176 175 174 182 190 187 183 175 174 179 176 169 164 160 151 141 135 133 134 143 177 193 180 176 194 216 228 233 237 235 232 234 234 233 231 229 228 231 234 230 224 218 213 212 213 210 211 218 224 224 223 225 228 219 202 196 195 194 194 192 193 196 203 218 226
0 108 130 134 128 121 122 125 128 131 133 131 125 120 115 109 111 114 116 117 121 130 135 134 139 151 156 155 153 157 163 166 172 178 185 191 194 193 188 188 188 179 172 170 168 156 144 142 143 153 165 185 196 184 187 202 210 212 216 219 218 222 225 225 227 224 221 221 226 225 218 211 212 205 197 199 198 200 209 219 225 226 226 226 224 227 219 201 194 195 194 195 200 208 220 226
0 98 126 145 156 162 175 199 221 229 227 217 199 190 197 208 211 204 191 172 147 131 127 131 141 150 150 150 147 139 138 148 167 180 183 184 185 190 198 202 200 191 186 183 179 166 156 162 168 177 185 193 199 197 197 197 194 192 191 190 196 206 209 208 203 194 189 190 192 188 184 186 190 185 179 182 185 191 200 205 207 211 220 223 218 219 220 212 209 207 203 204 208 213 220 224
0 202 228 236 239 242 249 254 254 251 246 244 250 253 252 248 249 251 250 248 240 238 240 237 227 204 178 170 174 182 194 205 218 222 220 218 212 206 206 206 205 201 195 191 187 178 168 175 183 185 188 194 197 194 189 191 188 180 176 178 182 184 182 176 165 155 150 150 150 150 152 159 166 168 165 166 174 183 189 190 188 190 199 202 199 203 205 206 212 213 209 210 213 215 218 218
0 254 254 252 251 252 255 255 255 254 247 233 238 246 248 247 247 247 244 236 227 230 234 239 246 247 241 239 238 242 245 245 244 241 241 243 240 235 227 221 217 212 204 196 192 187 177 181 191 190 190 194 192 182 174 180 190 188 179 175 174 168 158 148 137 132 136 143 145 148 154 161 165 164 160 156 161 170 175 182 184 187 194 196 195 198 200 202 208 211 211 212 214 214 212 207
0 251 249 248 250 254 255 255 255 254 253 243 235 240 245 246 249 251 249 243 236 236 236 234 233 235 243 247 248 246 238 233 232 232 236 240 239 234 227 224 219 210 201 197 197 194 187 193 203 198 191 188 185 177 169 174 184 193 192 183 176 167 153 137 123 121 131 140 140 143 153 161 165 162 156 146 149 160 173 188 197 205 213 212 205 201 201 202 204 208 209 211 211 209 205 199
0 247 247 249 254 255 255 255 254 254 255 254 248 240 242 242 248 253 252 246 241 239 238 236 229 227 236 243 244 243 235 231 228 226 230 235 233 224 218 215 209 202 198 199 201 197 193 201 206 197 185 180 180 172 165 166 175 194 203 195 185 171 156 143 134 140 150 149 144 148 149 147 148 150 147 139 149 171 188 202 211 219 224 220 208 206 207 205 204 206 208 209 208 204 198 187
0 248 248 252 253 254 253 253 253 255 253 252 252 249 247 243 245 251 251 248 244 236 234 234 228 217 224 240 244 241 239 242 239 235 235 233 227 218 216 212 206 203 204 204 200 194 193 199 202 194 180 175 176 165 159 158 165 194 209 206 204 198 190 184 182 186 190 187 184 179 167 155 150 151 152 146 160 184 198 209 215 216 218 212 205 207 208 206 204 204 207 205 199 192 183 168
0 242 244 245 246 248 249 248 250 251 250 249 247 250 253 249 244 246 248 248 243 231 227 229 227 210 208 230 236 237 238 242 244 246 244 235 225 219 215 209 204 203 204 202 197 193 192 195 197 192 178 173 171 158 153 150 157 195 218 217 212 211 215 215 210 207 208 212 215 209 197 189 179 168 161 159 177 195 201 207 208 206 204 199 196 199 201 198 198 201 200 191 183 177 169 154
0 230 230 226 225 235 241 236 230 226 227 223 221 230 241 247 248 246 245 245 239 229 224 224 222 207 200 226 233 230 232 238 243 246 242 234 226 218 209 202 199 199 199 198 197 194 194 194 195 190 177 170 162 149 144 140 156 203 223 221 212 207 217 220 211 202 204 216 224 223 217 210 208 203 190 185 196 207 207 208 201 193 191 187 182 182 183 183 184 186 182 174 171 168 159 143
0 216 217 215 208 202 202 193 177 178 184 186 200 213 221 226 231 233 232 229 226 224 220 216 217 209 206 225 233 226 220 224 232 233 229 223 216 209 201 196 197 198 198 198 199 196 194 193 194 191 177 165 152 142 139 139 165 205 216 214 211 210 218 219 208 196 194 211 222 227 226 209 207 212 207 207 216 225 228 226 214 196 188 183 175 167 166 168 171 171 168 168 170 166 156 143
0 202 202 200 191 174 159 152 154 164 172 183 199 209 215 214 213 210 207 206 209 208 200 201 208 208 212 223 224 223 223 219 217 215 214 211 207 204 200 198 198 199 198 199 199 196 193 192 193 192 177 158 147 140 139 142 169 203 210 208 210 212 214 210 199 189 181 204 220 223 221 211 205 203 202 216 232 238 238 235 231 225 217 205 186 175 170 165 165 169 173 176 176 171 160 151
0 195 190 185 180 176 167 159 164 170 176 188 195 191 189 188 183 181 182 182 182 178 175 183 192 194 202 214 218 220 227 231 229 223 218 210 204 203 201 199 199 198 198 198 198 195 193 192 193 193 174 151 144 140 140 142 167 198 206 208 208 206 204 201 192 187 177 198 219 215 210 212 211 203 201 213 230 230 227 227 231 231 227 221 210 204 203 198 193 189 186 183 181 176 165 155
0 192 193 191 185 183 180 173 172 179 182 187 190 179 166 163 161 162 166 163 158 155 160 174 181 178 180 191 200 211 222 234 238 234 224 211 205 204 202 199 198 197 198 198 197 194 193 193 193 189 168 147 145 143 143 145 173 202 209 207 203 200 198 200 196 190 176 186 207 201 198 206 212 206 199 203 217 217 211 213 217 222 223 216 211 211 215 216 215 209 201 194 191 184 165 151
0 189 193 196 192 186 182 178 177 179 182 184 184 178 167 160 157 158 158 151 142 144 154 164 166 162 167 174 179 190 201 212 221 220 211 205 205 204 202 198 198 198 199 199 196 194 193 194 193 187 168 152 151 149 149 151 182 211 217 213 205 199 200 205 202 193 180 179 199 198 193 196 198 201 202 201 211 219 218 215 212 215 216 205 198 202 210 213 212 210 207 205 200 184 158 143
0 193 194 195 193 187 182 183 182 177 175 175 169 163 164 167 159 147 129 106 100 119 140 156 171 179 187 193 200 203 202 200 196 188 186 191 197 201 201 199 198 199 199 198 196 196 196 197 195 187 171 159 158 155 152 158 187 213 219 216 209 207 209 211 208 198 184 176 201 215 205 195 187 189 199 205 210 222 229 227 218 210 205 196 192 199 210 211 209 210 209 205 195 174 151 140
0 196 194 192 191 188 183 181 178 170 161 155 150 146 149 154 143 110 81 66 74 117 170 210 224 221 218 220 225 227 231 235 233 223 209 204 208 208 204 202 201 200 198 197 196 197 197 198 195 187 174 166 163 157 156 164 188 210 214 210 204 207 213 212 209 199 183 175 208 226 217 213 202 190 189 197 208 222 230 225 218 212 200 191 191 198 207 206 207 208 203 192 180 164 146 140
0 197 194 194 190 186 182 176 169 159 149 141 134 127 122 110 82 55 51 69 122 187 221 237 233 222 218 222 229 235 242 245 241 231 223 222 222 214 207 205 204 202 198 196 196 196 196 196 194 188 181 176 166 157 159 168 188 206 207 202 198 202 209 208 205 199 185 181 212 228 222 216 213 206 193 191 203 216 224 220 216 216 211 202 198 201 203 203 204 200 191 181 172 157 141 138
0 201 200 196 188 182 175 171 164 156 146 136 123 110 99 74 44 43 95 179 228 236 228 215 192 191 199 210 222 233 238 233 220 206 207 215 215 207 204 204 204 201 197 197 197 197 196 195 193 189 184 179 167 157 164 175 193 208 211 207 201 202 203 202 203 204 195 195 218 227 224 217 213 211 206 205 206 210 214 215 214 212 210 210 207 206 203 203 202 194 188 180 169 152 139 140
0 197 198 194 187 180 172 167 164 159 151 141 130 118 100 83 83 134 203 231 234 223 198 168 151 168 182 190 202 216 219 206 194 192 197 203 203 200 201 202 202 198 196 197 197 196 195 193 193 190 185 180 171 162 169 182 196 209 211 208 205 203 203 204 206 209 207 208 217 221 222 221 215 206 205 215 211 207 207 206 205 200 203 208 209 208 206 205 200 193 190 181 165 149 142 144
0 196 194 192 187 180 173 167 165 164 162 155 144 127 108 121 175 217 217 192 155 141 133 116 124 154 176 188 207 220 219 208 206 204 202 201 200 200 201 202 199 195 194 195 195 195 194 193 194 191 187 182 174 167 171 183 195 206 207 204 205 204 204 207 210 211 209 207 208 215 220 219 215 208 207 209 212 206 196 193 192 191 195 200 201 201 200 200 196 191 188 179 160 145 142 142
0 207 200 192 185 180 173 169 169 168 167 163 153 135 143 187 211 204 171 138 119 107 99 103 126 155 182 206 225 231 227 221 220 213 208 206 206 204 203 202 198 193 192 193 193 193 192 192 193 190 187 183 175 170 174 185 196 205 204 203 206 204 203 207 209 209 208 205 210 217 219 218 216 214 213 207 201 206 195 187 188 186 185 187 187 186 191 195 192 189 183 167 147 136 136 137
0 193 190 182 175 175 174 177 182 179 168 159 150 155 194 213 201 168 142 129 117 111 114 133 158 179 199 218 227 227 219 212 211 211 211 210 209 207 204 202 197 191 190 191 192 192 192 192 193 190 188 184 177 175 180 190 199 204 203 204 209 209 208 211 211 211 212 213 216 218 218 218 218 216 212 205 192 192 201 198 194 187 181 178 176 179 190 195 191 186 173 150 135 131 132 138
0 165 158 154 148 145 147 152 152 151 163 179 187 203 212 201 178 168 180 189 192 198 199 192 192 201 211 220 223 222 215 208 209 212 211 208 207 202 196 191 188 185 186 189 189 190 191 192 193 192 191 189 185 183 188 196 201 203 203 207 213 214 213 213 214 215 214 214 215 216 216 217 216 214 210 204 189 181 194 205 200 188 181 181 183 188 195 196 189 181 161 138 134 131 132 153
0 202 188 174 169 173 184 194 200 204 214 225 229 231 226 216 202 205 224 243 253 255 254 251 241 224 216 218 220 221 215 210 212 214 208 198 192 183 175 171 174 180 183 186 185 185 187 189 192 192 191 193 192 190 194 199 202 203 204 209 215 216 215 213 215 218 215 212 212 214 215 213 209 207 206 200 184 180 191 202 207 203 199 195 193 196 198 194 186 179 158 136 134 131 139 182
0 226 231 224 221 229 236 238 240 241 238 234 231 232 237 240 235 238 242 248 253 255 254 252 253 247 232 227 226 225 218 213 215 212 198 180 170 163 160 161 168 176 179 181 181 181 179 180 184 184 184 189 191 193 196 200 203 203 205 210 213 215 217 216 214 215 214 212 211 212 212 207 201 201 198 187 178 181 190 197 206 210 204 196 194 197 196 190 182 171 149 132 130 130 156 207
0 225 235 229 231 232 231 227 222 223 226 227 230 237 242 242 242 245 242 239 239 246 251 252 251 255 252 246 237 229 220 215 213 201 178 160 154 153 153 155 164 169 169 171 173 172 168 171 176 176 179 187 191 192 194 196 199 201 204 208 210 213 217 214 209 208 208 206 207 209 208 200 192 191 186 176 176 182 187 194 199 200 194 190 192 195 192 183 172 154 134 123 121 134 182 220
0 221 234 222 217 223 215 218 221 225 227 227 228 233 233 229 235 238 232 222 216 221 233 243 251 254 253 245 231 218 210 207 199 177 154 144 142 142 144 153 163 166 164 163 164 160 158 165 171 173 179 187 190 193 192 192 195 198 201 204 208 213 213 206 199 200 201 198 202 207 205 194 186 184 178 174 177 180 181 185 187 190 188 186 187 189 185 174 160 142 129 118 119 159 210 227
0 215 232 220 200 215 211 214 222 223 224 224 221 218 215 215 223 225 220 209 202 205 211 213 214 215 212 205 201 197 193 189 174 154 145 140 139 140 146 160 173 175 168 161 156 152 155 163 168 173 183 189 194 197 195 194 196 198 199 201 204 208 204 197 194 197 197 195 199 203 197 186 182 181 177 175 177 177 176 177 178 180 180 177 179 181 175 163 150 136 124 121 149 197 222 223
0 206 231 226 201 198 226 213 211 217 219 217 212 207 203 206 212 209 204 197 189 185 180 170 159 148 142 153 170 180 180 173 159 148 146 139 140 143 157 178 187 178 165 161 158 156 161 171 181 191 197 200 202 202 196 195 198 199 200 200 201 201 196 191 192 193 192 191 191 192 187 179 177 178 178 177 179 179 176 175 174 175 173 171 175 176 167 152 138 128 120 142 193 218 220 214
0 196 228 230 207 187 210 219 197 199 205 204 201 202 202 205 207 200 193 191 186 173 155 138 133 132 134 141 154 165 169 167 159 153 150 141 143 157 181 195 187 164 156 162 162 162 172 187 198 203 205 204 205 203 195 194 199 200 200 200 199 197 195 192 191 191 188 185 184 185 183 180 180 181 180 180 181 178 174 173 172 172 171 171 173 169 157 141 127 123 134 185 219 219 212 203
0 189 220 225 207 191 189 210 214 197 189 193 199 197 194 198 201 196 190 188 190 176 148 129 125 127 135 138 141 151 159 154 138 140 147 144 160 188 199 192 172 152 156 164 169 182 198 206 205 202 199 194 194 195 192 194 197 199 199 198 196 196 198 195 192 191 185 181 182 182 183 183 183 186 185 183 181 176 172 172 172 172 172 171 167 158 147 134 126 138 173 213 220 207 192 178
0 184 209 221 214 201 194 198 223 216 194 193 196 193 188 188 189 191 191 190 188 173 146 134 135 131 128 125 123 130 136 126 119 135 145 160 189 197 179 160 150 147 159 172 189 207 215 211 202 194 189 185 186 191 193 194 197 198 197 195 194 197 200 196 191 188 181 178 179 181 182 181 183 188 189 185 181 176 173 172 172 172 171 166 159 151 143 136 143 170 201 213 204 186 167 159
0 176 203 227 222 208 204 205 211 220 222 209 196 193 192 185 179 182 187 184 173 157 143 145 151 145 134 130 132 130 125 137 160 170 171 180 183 163 144 140 144 152 166 184 201 207 201 193 193 198 201 202 204 206 202 199 200 201 198 193 194 197 199 195 190 185 178 176 178 180 181 182 185 189 188 183 180 173 166 162 163 166 164 159 156 152 145 149 169 189 201 197 184 167 152 159
0 174 205 232 226 210 211 216 213 205 208 230 219 200 191 186 185 184 179 171 157 146 147 153 149 153 180 206 228 241 243 243 238 222 211 195 170 156 160 170 180 187 187 190 192 185 178 185 201 210 213 214 216 216 212 206 206 205 200 194 194 196 198 194 187 180 176 173 177 182 183 186 188 187 180 174 169 157 145 145 155 160 157 156 158 157 162 183 200 204 200 187 172 162 169 190
0 177 209 229 225 212 218 226 220 201 190 216 234 226 210 199 199 196 180 166 152 147 152 156 163 190 221 237 243 251 254 253 246 231 224 217 208 206 206 211 221 222 215 209 197 180 185 200 206 205 204 207 212 215 213 209 209 206 197 193 193 195 196 187 177 174 172 170 177 185 189 192 190 184 175 167 156 136 131 143 158 160 154 157 164 172 195 213 217 215 211 206 195 190 199 206
0 178 215 229 223 211 221 232 221 201 196 212 217 220 230 227 210 191 174 163 165 182 193 203 222 227 224 223 216 211 216 225 230 226 220 219 218 218 215 219 227 229 222 215 208 200 200 198 192 190 194 200 206 209 208 206 207 200 187 185 188 191 188 176 171 172 170 169 178 189 194 195 191 184 176 166 148 133 153 181 196 196 191 194 196 205 219 224 221 217 214 210 198 196 199 193
0 190 224 232 224 213 223 234 224 208 210 218 209 197 225 241 237 215 192 188 206 226 237 242 243 234 220 214 213 209 209 215 215 211 212 213 212 212 209 209 217 220 218 215 210 203 208 196 181 184 192 197 199 199 195 193 194 184 170 172 175 173 169 169 173 175 170 165 177 193 198 195 187 178 169 154 138 148 190 216 221 218 212 213 213 218 222 222 216 210 205 200 187 182 198 208
0 197 223 231 226 212 218 232 226 218 218 219 204 179 211 242 244 246 244 241 238 225 227 230 228 225 219 214 210 207 207 213 215 209 200 197 195 198 205 206 213 217 214 216 211 199 200 201 193 192 196 196 194 189 182 177 174 161 152 162 166 164 168 176 180 178 169 157 174 194 196 189 176 163 150 136 135 170 212 224 222 216 210 209 209 212 215 214 206 202 200 198 186 181 206 223
0 200 222 232 229 210 216 229 225 222 221 220 202 174 192 237 247 249 248 238 240 233 204 195 205 214 216 213 209 209 212 212 201 189 179 174 169 173 189 201 210 218 219 215 209 203 200 199 200 205 201 195 190 185 179 172 164 151 150 163 169 176 189 191 185 178 164 151 173 192 183 168 156 144 135 132 149 197 224 225 220 215 210 208 208 207 209 208 203 203 203 201 188 182 206 220
0 203 224 233 229 214 219 224 221 222 221 221 210 185 178 213 239 241 246 244 232 235 233 209 200 204 210 212 210 212 214 205 174 154 153 156 156 164 179 191 200 211 217 215 212 209 204 198 194 210 213 198 191 187 181 175 168 165 169 178 185 194 200 197 189 176 159 150 170 181 161 143 139 133 129 140 179 220 230 224 221 216 208 205 203 202 203 204 204 205 206 203 192 184 202 215
0 205 224 230 227 221 222 220 219 222 223 223 218 196 173 169 228 241 243 247 242 224 223 239 222 204 206 210 209 210 209 193 158 146 146 153 171 192 206 209 209 211 214 213 211 206 200 196 197 204 211 209 200 191 183 178 176 178 184 193 201 205 203 197 188 171 156 149 158 160 142 133 136 133 138 173 214 231 227 219 217 208 197 195 197 197 197 199 203 207 208 204 194 186 198 213
