MO_MDT_input/slope_300x300_15m.tif
ncols        300
nrows        300
xllcorner    442350.000000000000
yllcorner    4619100.000000000000
cellsize     15.000000000000
NODATA_value  -9999
[rows 190 to 208 of 300, columns 172 to 214 of 300]
34.287494659423828 34.834529876708984 34.522800445556641 33.499462127685547 32.260040283203125 30.380752563476563 29.164066314697266 28.831953048706055 27.411178588867187 23.634637832641602 20.891935348510742 20.492710113525391 16.895576477050781 17.248910903930664 18.920825958251953 21.244915008544922 24.912561416625977 25.259973526000977 26.900205612182617 28.709596633911133 28.767183303833008 30.860445022583008 33.245899200439453 33.548534393310547 35.366527557373047 36.904499053955078 36.058521270751953 34.071998596191406 28.789815902709961 29.141311645507813 34.397304534912109 34.369686126708984 33.171356201171875 31.971912384033203 34.436004638671875 33.48590087890625 33.948585510253906 35.626758575439453 33.158370971679688 30.833133697509766 31.776330947875977 33.822654724121094 34.384323120117188
35.554607391357422 36.432037353515625 36.917701721191406 36.490039825439453 35.548568725585938 34.551181793212891 32.590190887451172 31.14411735534668 31.093841552734375 28.175479888916016 25.115867614746094 24.808595657348633 21.97075080871582 22.899053573608398 24.453290939331055 26.296756744384766 28.081233978271484 27.000347137451172 27.575395584106445 29.246532440185547 28.928920745849609 30.591812133789063 32.830959320068359 32.781818389892578 33.885963439941406 34.982490539550781 34.060462951660156 33.201961517333984 32.651447296142578 29.254768371582031 33.63720703125 36.082714080810547 34.624622344970703 32.217082977294922 33.61993408203125 33.597530364990234 34.173877716064453 35.500431060791016 33.119644165039062 31.155014038085938 32.307388305664062 32.543422698974609 33.165782928466797
35.823211669921875 36.565231323242188 37.589588165283203 38.036430358886719 37.766925811767578 37.31976318359375 34.522304534912109 31.551654815673828 31.105791091918945 27.928647994995117 24.607381820678711 24.79973030090332 25.027408599853516 28.33332633972168 29.830377578735352 30.775146484375 30.772308349609375 28.642770767211914 28.071834564208984 28.640499114990234 27.283056259155273 29.045059204101562 31.923254013061523 32.202499389648438 33.422489166259766 34.928653717041016 34.234710693359375 34.246623992919922 35.561119079589844 32.999343872070313 28.850131988525391 33.617622375488281 34.762252807617187 33.189235687255859 34.046943664550781 34.067996978759766 35.052085876464844 36.586093902587891 35.039237976074219 33.980278015136719 34.040813446044922 32.855819702148438 32.573837280273438
35.371101379394531 35.238170623779297 35.089595794677734 35.948318481445313 37.023574829101563 37.522869110107422 35.454860687255859 32.966922760009766 32.763416290283203 30.047021865844727 26.661359786987305 25.456094741821289 27.318582534790039 30.789697647094727 31.997968673706055 32.964763641357422 32.712123870849609 31.40272331237793 30.907821655273438 30.246387481689453 28.265829086303711 29.680685043334961 32.450592041015625 32.568511962890625 33.566501617431641 34.884792327880859 34.025157928466797 33.940353393554688 34.887672424316406 33.986377716064453 27.387868881225586 29.693881988525391 34.263084411621094 32.339687347412109 32.812519073486328 34.080257415771484 35.67047119140625 36.871402740478516 36.091487884521484 35.636077880859375 34.97576904296875 33.859256744384766 33.944610595703125
35.911026000976563 36.057563781738281 35.125141143798828 35.577030181884766 36.802051544189453 36.895332336425781 34.484336853027344 31.975166320800781 32.185249328613281 30.518321990966797 28.717538833618164 27.380908966064453 30.205669403076172 32.940158843994141 34.114189147949219 35.277912139892578 35.488883972167969 34.987331390380859 34.640655517578125 33.936088562011719 32.156143188476562 31.603984832763672 32.191509246826172 31.659036636352539 33.123870849609375 34.120540618896484 33.038215637207031 32.905059814453125 33.202404022216797 33.514049530029297 32.726993560791016 28.149709701538086 32.590305328369141 30.988540649414063 30.093009948730469 32.767784118652344 34.586437225341797 35.779106140136719 35.764381408691406 35.811534881591797 35.59014892578125 34.553264617919922 34.192855834960937
35.626106262207031 36.293342590332031 35.9669189453125 36.656723022460937 37.564105987548828 37.137977600097656 33.987606048583984 30.713314056396484 30.614267349243164 28.829799652099609 28.179693222045898 28.848016738891602 32.816383361816406 34.918758392333984 36.169216156005859 36.816860198974609 36.342502593994141 35.302249908447266 34.581993103027344 34.1435546875 33.328792572021484 33.058696746826172 32.887165069580078 31.399259567260742 32.689933776855469 33.353588104248047 31.796663284301758 32.660968780517578 33.770259857177734 35.297893524169922 37.579147338867188 28.838962554931641 28.963735580444336 31.485370635986328 30.5626220703125 33.512775421142578 35.003345489501953 36.295696258544922 36.583942413330078 37.031639099121094 36.715934753417969 34.666294097900391 33.696327209472656
35.062789916992188 35.363983154296875 35.211017608642578 36.383598327636719 37.778976440429688 37.880161285400391 35.004749298095703 31.830755233764648 31.411165237426758 28.786569595336914 26.947135925292969 29.372716903686523 34.217609405517578 35.927036285400391 37.091548919677734 37.256187438964844 36.353717803955078 35.091079711914063 34.862319946289063 35.561668395996094 35.508689880371094 34.915687561035156 33.860748291015625 31.054788589477539 30.809934616088867 32.625492095947266 31.806917190551758 33.583080291748047 35.457248687744141 36.201267242431641 37.300895690917969 31.682613372802734 29.270298004150391 34.921405792236328 34.813468933105469 35.600788116455078 36.057403564453125 37.058544158935547 37.273025512695313 36.869831085205078 35.573074340820312 34.135032653808594 35.002704620361328
35.516338348388672 35.508380889892578 35.007598876953125 35.537876129150391 36.705898284912109 37.340190887451172 35.131870269775391 32.426601409912109 32.047481536865234 29.728458404541016 27.517681121826172 30.998163223266602 36.235244750976562 38.560760498046875 39.469001770019531 38.671676635742188 37.308265686035156 36.382083892822266 36.844676971435547 38.411418914794922 38.917392730712891 37.388767242431641 33.941085815429687 29.998823165893555 29.744491577148437 33.113639831542969 32.970722198486328 34.074680328369141 35.561496734619141 34.759872436523438 35.592185974121094 36.326694488525391 32.256229400634766 36.353134155273438 37.150783538818359 35.039604187011719 35.537021636962891 36.869754791259766 36.088211059570313 34.276386260986328 33.832759857177734 34.309852600097656 35.940631866455078
35.685245513916016 35.845481872558594 35.587913513183594 35.328914642333984 35.494285583496094 35.922672271728516 34.334823608398437 32.596176147460937 32.607933044433594 30.725624084472656 29.530941009521484 33.516082763671875 37.294746398925781 39.7637939453125 40.891166687011719 39.814338684082031 38.122222900390625 37.245155334472656 37.506465911865234 38.312816619873047 37.887031555175781 36.965072631835938 35.710193634033203 34.003368377685547 33.836833953857422 35.023948669433594 33.165401458740234 33.199363708496094 34.802562713623047 33.704120635986328 35.461944580078125 39.205982208251953 36.313247680664063 33.301223754882812 35.763919830322266 33.755641937255859 35.441680908203125 36.405792236328125 34.336078643798828 33.466606140136719 35.235569000244141 36.359016418457031 36.774394989013672
34.792568206787109 34.993156433105469 35.190010070800781 35.041744232177734 34.899822235107422 34.868667602539063 33.313877105712891 32.115200042724609 32.657112121582031 30.999279022216797 31.612575531005859 36.238834381103516 38.9503173828125 39.820335388183594 38.157386779785156 36.242137908935547 35.733478546142578 35.974048614501953 36.557361602783203 36.774997711181641 35.870052337646484 35.517257690429688 35.803627014160156 35.685623168945313 35.525520324707031 35.322261810302734 32.997787475585938 32.410762786865234 33.940322875976562 33.302898406982422 36.242835998535156 41.055896759033203 41.639171600341797 34.489009857177734 34.061222076416016 32.729385375976563 33.493095397949219 34.296932220458984 33.373973846435547 34.448081970214844 36.399200439453125 36.831626892089844 36.318744659423828
33.830043792724609 34.554103851318359 35.40679931640625 36.065639495849609 36.222465515136719 35.617748260498047 32.821521759033203 30.506357192993164 31.211055755615234 29.529239654541016 31.656290054321289 35.551681518554688 37.151081085205078 36.352336883544922 33.707492828369141 32.548061370849609 33.857391357421875 34.925888061523438 35.655780792236328 36.434917449951172 36.896549224853516 37.253532409667969 37.335472106933594 37.032756805419922 36.216007232666016 35.073997497558594 32.613868713378906 31.508766174316406 33.247215270996094 33.429821014404297 37.274341583251953 42.320671081542969 42.782077789306641 34.681324005126953 30.434724807739258 31.654661178588867 30.913267135620117 33.372756958007812 34.004932403564453 35.287422180175781 36.147686004638672 35.714443206787109 35.444850921630859
33.409847259521484 34.354526519775391 35.327838897705078 36.544544219970703 36.880428314208984 35.752498626708984 31.508518218994141 27.914522171020508 28.939067840576172 27.441442489624023 30.211044311523438 33.476871490478516 34.362178802490234 34.133102416992187 34.606414794921875 35.102397918701172 36.248710632324219 37.414958953857422 37.723659515380859 37.429672241210937 37.360408782958984 37.831340789794922 38.838485717773437 39.508220672607422 38.769645690917969 36.580451965332031 32.802143096923828 31.316049575805664 33.358291625976562 33.484580993652344 36.653083801269531 40.821342468261719 40.490299224853516 35.1790771484375 27.138095855712891 31.907833099365234 33.487758636474609 36.235652923583984 36.433910369873047 36.599563598632812 36.378856658935547 35.693401336669922 36.365207672119141
33.243312835693359 33.880619049072266 34.256786346435547 36.034702301025391 37.743137359619141 37.401485443115234 32.660102844238281 27.853153228759766 27.545995712280273 25.88475227355957 31.171958923339844 35.168045043945313 36.675395965576172 37.642864227294922 38.541236877441406 38.316444396972656 38.648242950439453 39.939010620117188 39.852020263671875 38.282997131347656 37.420253753662109 37.106174468994141 37.035621643066406 37.564689636230469 37.957229614257813 36.785533905029297 33.880813598632812 32.266918182373047 33.110889434814453 32.305099487304687 34.68597412109375 38.390895843505859 38.247257232666016 36.956321716308594 31.845664978027344 33.611057281494141 37.116931915283203 37.027462005615234 37.123851776123047 36.9803466796875 36.402618408203125 35.782382965087891 36.656532287597656
33.342788696289063 34.204254150390625 34.507560729980469 36.063884735107422 38.245784759521484 38.927078247070313 34.853542327880859 30.107271194458008 28.921686172485352 27.215850830078125 34.09869384765625 37.395946502685547 38.890983581542969 39.690292358398438 39.626338958740234 38.411666870117187 37.716365814208984 37.921028137207031 37.765117645263672 37.667331695556641 37.56939697265625 36.491470336914063 35.282440185546875 35.546356201171875 36.383281707763672 36.013084411621094 34.841381072998047 34.273654937744141 34.678958892822266 33.293071746826172 33.96697998046875 36.022293090820312 35.73492431640625 37.347530364990234 38.195362091064453 33.751644134521484 35.431957244873047 35.305526733398438 35.818008422851562 35.21649169921875 34.898223876953125 34.887310028076172 35.841693878173828
33.23638916015625 32.829200744628906 31.855251312255859 32.936038970947266 34.850429534912109 36.153244018554687 32.508277893066406 28.113279342651367 27.749080657958984 28.043872833251953 35.240509033203125 37.161724090576172 38.396739959716797 38.902992248535156 38.300991058349609 36.556873321533203 34.936172485351563 34.540103912353516 35.323085784912109 36.654541015625 36.895435333251953 36.147453308105469 36.069694519042969 36.826263427734375 37.041603088378906 36.613811492919922 35.981121063232422 35.434188842773438 35.434116363525391 34.641353607177734 34.857864379882813 35.527523040771484 35.097648620605469 36.718902587890625 38.597187042236328 34.904308319091797 29.2161865234375 33.948471069335937 34.904262542724609 34.391353607177734 34.760879516601563 35.145336151123047 35.348079681396484
34.212242126464844 34.5162353515625 32.350013732910156 31.74671745300293 32.026508331298828 32.652606964111328 28.309928894042969 23.406267166137695 23.250019073486328 27.218708038330078 35.528766632080078 36.936916351318359 37.368526458740234 36.912731170654297 35.914710998535156 34.609569549560547 33.627758026123047 33.954555511474609 34.777969360351563 35.065330505371094 34.431434631347656 34.105300903320313 34.991252899169922 36.277355194091797 36.942680358886719 37.296005249023438 37.247852325439453 35.931007385253906 34.114688873291016 32.880531311035156 34.057209014892578 36.637458801269531 37.37152099609375 37.435489654541016 37.387470245361328 36.151157379150391 33.072257995605469 31.398965835571289 34.09759521484375 36.413860321044922 37.631088256835937 37.552577972412109 34.033374786376953
33.502330780029297 35.497982025146484 34.663364410400391 33.296821594238281 31.989070892333984 31.645942687988281 25.850141525268555 19.76542854309082 19.931848526000977 28.306983947753906 36.534053802490234 37.093364715576172 36.403781890869141 35.759914398193359 35.792636871337891 35.534385681152344 35.000602722167969 34.778484344482422 34.420230865478516 34.228683471679688 34.271457672119141 34.516998291015625 34.984340667724609 35.598964691162109 35.865402221679688 36.333545684814453 36.597522735595703 35.620944976806641 34.447620391845703 33.174690246582031 33.760406494140625 36.767459869384766 38.218978881835937 38.819812774658203 38.295932769775391 36.573780059814453 37.013748168945313 34.708881378173828 34.6474609375 39.536697387695313 41.168468475341797 34.277286529541016 14.160151481628418
32.031776428222656 33.91021728515625 34.378353118896484 33.686996459960938 32.415481567382813 32.181907653808594 26.194511413574219 19.996652603149414 20.927234649658203 31.334857940673828 36.810169219970703 35.846317291259766 35.143131256103516 35.892444610595703 36.923675537109375 36.141082763671875 34.832805633544922 34.528900146484375 34.491195678710938 34.718017578125 34.870052337646484 34.857730865478516 35.326751708984375 35.163387298583984 33.130489349365234 31.436346054077148 31.617437362670898 32.947307586669922 34.359359741210938 34.248950958251953 34.99078369140625 37.873065948486328 38.684276580810547 38.080596923828125 36.901119232177734 36.164249420166016 37.407569885253906 37.350223541259766 36.743362426757812 40.455657958984375 33.824001312255859 9.9688301086425781 28.216028213500977
32.729446411132812 33.478801727294922 33.9354248046875 33.325138092041016 32.232875823974609 32.175483703613281 26.99793815612793 22.338226318359375 24.281126022338867 33.570838928222656 35.762977600097656 34.615726470947266 34.526679992675781 35.418773651123047 36.025215148925781 35.164413452148437 35.143657684326172 36.561309814453125 36.793746948242188 36.099273681640625 34.742542266845703 33.750465393066406 34.417400360107422 34.502555847167969 33.242813110351562 32.619026184082031 33.821453094482422 35.915046691894531 36.561843872070313 35.399856567382813 35.505290985107422 38.107280731201172 38.639022827148437 37.693954467773438 36.660873413085937 36.142612457275391 37.092563629150391 38.211494445800781 39.029151916503906 35.458522796630859 12.106685638427734 32.06463623046875 40.144023895263672
