MO_MDT_input/slope_300x300_15m.tif
ncols        300
nrows        300
xllcorner    442350.000000000000
yllcorner    4619100.000000000000
cellsize     15.000000000000
NODATA_value  -9999
[rows 266 to 284 of 300, columns 43 to 85 of 300]
14.868227958679199 23.027656555175781 28.740232467651367 32.697193145751953 35.784477233886719 37.307163238525391 35.07452392578125 33.210121154785156 31.790142059326172 30.874847412109375 33.059497833251953 34.825263977050781 35.525135040283203 35.458446502685547 35.338397979736328 35.734081268310547 36.220058441162109 35.980087280273437 34.724102020263672 33.111499786376953 29.856761932373047 30.342933654785156 24.775503158569336 19.88829231262207 26.566884994506836 30.756259918212891 34.296890258789063 33.463291168212891 33.431663513183594 33.436367034912109 33.900901794433594 35.397117614746094 36.549003601074219 36.904315948486328 35.860595703125 34.762271881103516 35.331317901611328 34.500713348388672 31.106281280517578 24.711753845214844 24.772552490234375 34.438156127929688 32.957168579101563
9.9025306701660156 16.432697296142578 26.456140518188477 33.282627105712891 35.696315765380859 36.429527282714844 35.221710205078125 35.656261444091797 36.034824371337891 35.076808929443359 34.74139404296875 33.856021881103516 32.362079620361328 31.441036224365234 31.312664031982422 31.778366088867188 32.667331695556641 33.229717254638672 32.737644195556641 31.936710357666016 28.937715530395508 26.917064666748047 19.16624641418457 24.046964645385742 25.294458389282227 30.980916976928711 34.335411071777344 33.914783477783203 32.975830078125 33.036567687988281 34.883598327636719 36.801670074462891 38.536930084228516 39.983314514160156 38.725116729736328 35.808403015136719 34.160297393798828 30.528608322143555 23.818574905395508 25.431131362915039 35.685520172119141 37.584434509277344 31.004753112792969
23.279819488525391 18.918581008911133 17.441213607788086 23.699497222900391 31.864316940307617 34.909751892089844 33.536235809326172 34.658405303955078 35.932636260986328 35.842769622802734 34.865074157714844 33.037483215332031 30.984384536743164 29.878335952758789 29.636268615722656 29.836891174316406 30.471384048461914 31.429340362548828 32.131050109863281 33.294063568115234 31.7633056640625 26.018039703369141 23.217662811279297 24.262962341308594 18.09025764465332 24.84814453125 26.329864501953125 25.761394500732422 26.503047943115234 25.483343124389648 25.556953430175781 27.291366577148438 29.635334014892578 31.452108383178711 30.260862350463867 27.131507873535156 28.013210296630859 31.307319641113281 30.642524719238281 34.040969848632813 39.239017486572266 36.350910186767578 29.845224380493164
33.782001495361328 34.323371887207031 31.907987594604492 19.859708786010742 15.368292808532715 28.372066497802734 30.257089614868164 29.67388916015625 30.523403167724609 31.606321334838867 32.181583404541016 31.763280868530273 31.064613342285156 31.115163803100586 31.517053604125977 32.369670867919922 33.075798034667969 33.224262237548828 32.289093017578125 31.348356246948242 28.406436920166016 19.642501831054687 25.584880828857422 28.489603042602539 28.739389419555664 36.012889862060547 34.240097045898438 30.404443740844727 29.456262588500977 29.002296447753906 29.122884750366211 31.53099250793457 34.930549621582031 35.336013793945313 34.612812042236328 32.970840454101563 33.857063293457031 35.65838623046875 33.316265106201172 34.751499176025391 38.165081024169922 34.40814208984375 29.943933486938477
32.92034912109375 30.317165374755859 27.023269653320312 24.505233764648438 17.336380004882812 11.915339469909668 17.932619094848633 23.215938568115234 26.742494583129883 28.638866424560547 29.367137908935547 28.862457275390625 29.156013488769531 30.284400939941406 30.793849945068359 31.453840255737305 31.889787673950195 31.462888717651367 28.996870040893555 24.561618804931641 24.457296371459961 29.449069976806641 35.686763763427734 36.273574829101563 35.034805297851562 36.086029052734375 34.07281494140625 35.847137451171875 39.729679107666016 40.659248352050781 39.565330505371094 37.297164916992188 34.331775665283203 31.988367080688477 30.754829406738281 29.717250823974609 31.452569961547852 32.061603546142578 31.043411254882813 33.642131805419922 35.598747253417969 32.354793548583984 31.47465705871582
28.267595291137695 27.306552886962891 24.756801605224609 24.328203201293945 23.651010513305664 19.402202606201172 10.159091949462891 8.9997415542602539 17.140060424804687 23.197141647338867 25.397953033447266 23.138422012329102 22.062711715698242 20.403705596923828 15.053956985473633 14.312884330749512 18.637899398803711 21.607624053955078 21.581666946411133 29.481998443603516 37.566238403320312 38.685810089111328 39.072898864746094 38.106578826904297 36.388545989990234 35.456596374511719 35.530918121337891 36.792449951171875 38.527908325195313 39.070781707763672 38.649684906005859 37.602401733398438 36.584831237792969 35.421878814697266 32.984066009521484 30.361234664916992 30.932306289672852 30.945034027099609 30.670595169067383 33.224903106689453 34.359386444091797 32.769794464111328 34.031410217285156
29.367406845092773 31.649198532104492 33.231548309326172 33.803565979003906 32.683185577392578 30.763444900512695 29.187902450561523 27.074581146240234 21.409564971923828 13.33979320526123 16.685392379760742 17.824403762817383 24.007455825805664 32.605697631835937 34.499439239501953 37.933399200439453 41.252197265625 41.046913146972656 39.188629150390625 38.976215362548828 37.399669647216797 35.734245300292969 37.210037231445312 36.656684875488281 36.128578186035156 36.471660614013672 37.43084716796875 37.747066497802734 37.905345916748047 36.979530334472656 35.783370971679688 35.791103363037109 36.502193450927734 37.686580657958984 38.606204986572266 36.265083312988281 31.169404983520508 29.534814834594727 31.43461799621582 33.765571594238281 34.31756591796875 34.4801025390625 35.699428558349609
34.303142547607422 34.753879547119141 35.836181640625 37.272464752197266 38.451644897460938 39.183338165283203 39.862838745117188 40.198562622070313 38.706783294677734 33.551761627197266 24.183631896972656 24.708986282348633 33.670661926269531 35.664623260498047 33.515037536621094 32.950634002685547 34.205352783203125 36.133777618408203 39.981224060058594 42.073318481445313 39.743869781494141 36.351181030273438 35.671062469482422 35.539352416992187 34.343753814697266 33.485153198242188 34.740089416503906 35.893878936767578 36.442535400390625 35.041355133056641 32.923141479492188 33.347965240478516 35.248630523681641 36.657543182373047 36.841045379638672 34.156501770019531 32.014705657958984 32.6729736328125 35.596168518066406 35.380626678466797 34.051334381103516 35.705715179443359 36.258377075195312
34.634185791015625 34.990180969238281 34.37445068359375 34.386737823486328 35.664813995361328 37.015434265136719 38.124984741210938 38.509803771972656 38.554218292236328 38.503242492675781 34.672203063964844 26.38780403137207 33.678390502929687 33.973957061767578 33.000858306884766 32.459613800048828 33.350673675537109 36.615711212158203 40.201351165771484 43.474285125732422 45.257591247558594 44.198524475097656 39.890621185302734 35.012527465820313 32.990898132324219 33.289630889892578 34.695388793945312 35.574050903320313 35.821392059326172 33.718589782714844 31.494602203369141 32.750160217285156 34.290191650390625 34.508941650390625 35.317035675048828 34.474437713623047 34.352706909179688 36.286849975585937 37.094257354736328 33.893112182617187 33.812583923339844 36.896694183349609 36.175472259521484
33.6507568359375 36.328117370605469 37.889991760253906 37.605106353759766 37.211322784423828 36.303905487060547 35.414493560791016 34.847072601318359 34.875694274902344 34.367450714111328 32.699623107910156 23.654239654541016 28.843923568725586 35.646560668945313 34.153099060058594 35.163009643554688 36.965229034423828 37.959251403808594 37.809707641601562 39.620460510253906 40.498172760009766 39.473438262939453 38.387691497802734 35.263961791992188 32.424240112304688 33.754493713378906 34.918972015380859 35.987983703613281 35.946712493896484 33.920204162597656 32.90936279296875 34.697395324707031 34.417743682861328 33.393642425537109 36.482318878173828 37.425357818603516 35.980178833007812 34.603370666503906 33.171543121337891 32.591678619384766 35.787879943847656 37.644023895263672 36.028575897216797
33.098361968994141 34.132431030273438 38.266620635986328 39.273834228515625 38.251808166503906 36.872085571289063 35.896610260009766 35.637088775634766 35.884979248046875 35.99200439453125 35.078243255615234 28.681390762329102 20.757669448852539 36.867992401123047 34.457965850830078 36.436016082763672 38.397472381591797 37.232952117919922 36.208457946777344 38.278301239013672 35.752731323242187 31.363765716552734 31.824155807495117 34.993373870849609 38.225986480712891 38.071800231933594 35.824756622314453 35.703731536865234 36.092117309570313 34.631996154785156 32.986118316650391 33.391429901123047 31.759735107421875 31.604457855224609 36.263229370117187 35.152629852294922 31.674900054931641 32.687721252441406 34.588600158691406 36.838054656982422 37.877616882324219 36.454677581787109 34.389720916748047
32.297626495361328 31.577714920043945 35.642490386962891 39.79193115234375 41.188236236572266 41.958675384521484 42.035057067871094 41.039058685302734 39.779018402099609 39.797744750976562 39.872806549072266 39.433723449707031 25.287694931030273 33.130748748779297 35.772514343261719 38.370166778564453 40.100494384765625 36.862911224365234 34.340995788574219 35.755577087402344 31.896127700805664 26.962869644165039 30.897279739379883 35.790210723876953 37.756252288818359 38.02587890625 36.707344055175781 35.289813995361328 35.656246185302734 34.902545928955078 32.446876525878906 31.778539657592773 30.186395645141602 30.875417709350586 34.401790618896484 31.427677154541016 28.367753982543945 31.775783538818359 35.047107696533203 36.467552185058594 35.646080017089844 34.048774719238281 32.593608856201172
31.518810272216797 28.285848617553711 27.222057342529297 33.21795654296875 38.545879364013672 41.205501556396484 41.72393798828125 40.532806396484375 39.736091613769531 40.299102783203125 40.270973205566406 41.164020538330078 33.417190551757813 21.503200531005859 35.442672729492188 39.383434295654297 41.235851287841797 37.064273834228516 32.206428527832031 31.490756988525391 28.185033798217773 23.669227600097656 25.744256973266602 28.061801910400391 27.882905960083008 28.818275451660156 31.022565841674805 33.42742919921875 35.565574645996094 34.485126495361328 31.989143371582031 32.045036315917969 30.788534164428711 31.678205490112305 33.427566528320313 30.504535675048828 28.79832649230957 30.491296768188477 32.450828552246094 33.476871490478516 33.383884429931641 32.858219146728516 32.146617889404297
31.854089736938477 28.680501937866211 24.384346008300781 19.419479370117188 26.937311172485352 33.311313629150391 35.175994873046875 35.02569580078125 35.316005706787109 36.827617645263672 37.458171844482422 37.618686676025391 37.405742645263672 22.938386917114258 27.457260131835938 39.832618713378906 42.060203552246094 38.561004638671875 32.868827819824219 30.041038513183594 27.841060638427734 26.024692535400391 26.524883270263672 26.888570785522461 26.335474014282227 27.573139190673828 29.711780548095703 31.388864517211914 34.068389892578125 33.164451599121094 31.047658920288086 31.904800415039063 30.967479705810547 31.903291702270508 33.139156341552734 29.691459655761719 27.158519744873047 27.604673385620117 28.738977432250977 31.004135131835938 32.785614013671875 32.057319641113281 30.934431076049805
33.353656768798828 30.555438995361328 27.653408050537109 22.668291091918945 22.79826545715332 25.812982559204102 29.503351211547852 30.55244255065918 30.126953125 32.222316741943359 33.907230377197266 34.961509704589844 37.612834930419922 37.463630676269531 22.502729415893555 36.162334442138672 41.928977966308594 38.106426239013672 32.528255462646484 28.326715469360352 28.341035842895508 29.081266403198242 29.985462188720703 30.171560287475586 30.110557556152344 31.688369750976562 30.874692916870117 28.3543701171875 29.450773239135742 28.049741744995117 25.813772201538086 28.591638565063477 29.560630798339844 29.803535461425781 30.219026565551758 26.982044219970703 25.597597122192383 26.088748931884766 26.70591926574707 29.129634857177734 30.327497482299805 29.102268218994141 28.971035003662109
35.339962005615234 33.238731384277344 29.697772979736328 28.238849639892578 28.088842391967773 21.681062698364258 21.535028457641602 24.789579391479492 26.92793083190918 30.433149337768555 33.13385009765625 35.023006439208984 36.22808837890625 40.159282684326172 38.034446716308594 28.608922958374023 39.012317657470703 36.125015258789063 29.658397674560547 27.256044387817383 30.411043167114258 32.336009979248047 32.588176727294922 32.823192596435547 33.392864227294922 34.573329925537109 33.236385345458984 30.893041610717773 31.416131973266602 30.02537727355957 26.480087280273438 27.912321090698242 29.32258415222168 29.015710830688477 29.045307159423828 27.673690795898437 27.088569641113281 26.117158889770508 27.899091720581055 31.655542373657227 30.951950073242188 27.113836288452148 24.319398880004883
33.670455932617188 34.943893432617188 33.039440155029297 32.133476257324219 31.302938461303711 26.525074005126953 22.414573669433594 26.477399826049805 29.419219970703125 29.340227127075195 28.441089630126953 32.123401641845703 34.469493865966797 36.370044708251953 39.259330749511719 32.393714904785156 26.9122314453125 29.269021987915039 30.541957855224609 29.919261932373047 30.597955703735352 32.438800811767578 32.387710571289063 32.664501190185547 34.108371734619141 35.175312042236328 33.931079864501953 32.358234405517578 32.649269104003906 32.577747344970703 31.015083312988281 31.466911315917969 32.085350036621094 31.517024993896484 31.629693984985352 30.357997894287109 27.773563385009766 25.688945770263672 27.838521957397461 30.601993560791016 28.963176727294922 24.836380004882812 20.660417556762695
28.504917144775391 35.855133056640625 34.986824035644531 33.907783508300781 33.269664764404297 32.276203155517578 27.035261154174805 30.523406982421875 35.886081695556641 35.664772033691406 28.219247817993164 28.843524932861328 31.360780715942383 32.243804931640625 34.882575988769531 36.833236694335938 32.698749542236328 22.74322509765625 18.061729431152344 19.355260848999023 28.321155548095703 33.560657501220703 32.613594055175781 31.525638580322266 32.646263122558594 35.006927490234375 34.679550170898438 33.696136474609375 33.488494873046875 33.982280731201172 33.114555358886719 33.340744018554687 33.668430328369141 32.028041839599609 33.898635864257813 34.205440521240234 30.475931167602539 27.6485595703125 28.210962295532227 29.904659271240234 29.867292404174805 26.488130569458008 21.849658966064453
26.247589111328125 33.607097625732422 36.192256927490234 35.2066650390625 36.571952819824219 36.571647644042969 29.240030288696289 28.431880950927734 36.193893432617188 41.774906158447266 36.870838165283203 31.175748825073242 29.021488189697266 29.775260925292969 32.188972473144531 34.653587341308594 37.161224365234375 38.17608642578125 35.648143768310547 28.968332290649414 19.492961883544922 26.734453201293945 33.261623382568359 31.222976684570312 30.596126556396484 32.920524597167969 34.27996826171875 34.778873443603516 34.982643127441406 35.586128234863281 34.702480316162109 34.658126831054688 34.881561279296875 32.618770599365234 33.874683380126953 35.600978851318359 33.991493225097656 31.539070129394531 29.503215789794922 29.311332702636719 29.543214797973633 26.879171371459961 23.382476806640625
