MO_MDT_input/slope_300x300_15m.tif
ncols        300
nrows        300
xllcorner    442350.000000000000
yllcorner    4619100.000000000000
cellsize     15.000000000000
NODATA_value  -9999
[rows 247 to 265 of 300, columns 86 to 128 of 300]
32.828350067138672 30.084844589233398 25.482563018798828 22.565994262695313 22.154813766479492 16.511459350585938 4.8237094879150391 11.533651351928711 17.214662551879883 20.600301742553711 20.402524948120117 22.591930389404297 24.79881477355957 23.897937774658203 21.553323745727539 21.4539794921875 23.916431427001953 22.392541885375977 20.24146842956543 19.77214241027832 19.310930252075195 18.867685317993164 19.04730224609375 20.841537475585938 21.73686408996582 21.336688995361328 21.601825714111328 20.854728698730469 19.82666015625 20.791072845458984 22.556608200073242 23.798145294189453 24.206081390380859 23.084466934204102 22.483518600463867 23.169364929199219 23.323455810546875 23.226261138916016 24.720754623413086 25.778316497802734 24.773490905761719 24.323640823364258 23.828409194946289
32.593235015869141 32.206043243408203 27.109556198120117 23.542209625244141 23.586750030517578 17.805278778076172 4.7389593124389648 9.3923358917236328 16.608879089355469 20.744586944580078 20.81745719909668 22.972141265869141 24.950675964355469 24.213748931884766 23.004364013671875 22.959011077880859 23.723587036132812 21.012239456176758 17.991077423095703 20.051887512207031 22.723108291625977 23.6868896484375 23.696985244750977 24.259380340576172 25.041406631469727 23.816322326660156 22.142271041870117 22.692377090454102 23.760593414306641 25.015813827514648 26.519079208374023 26.736331939697266 26.125883102416992 25.656181335449219 25.445281982421875 25.386402130126953 25.700931549072266 26.190744400024414 27.759981155395508 28.280681610107422 26.377193450927734 25.206520080566406 25.723529815673828
31.866024017333984 33.498653411865234 29.461389541625977 26.017251968383789 25.57220458984375 19.700155258178711 6.1383976936340332 7.1930127143859863 16.602556228637695 20.992734909057617 21.194038391113281 23.006631851196289 24.60993766784668 24.268049240112305 24.082185745239258 24.045921325683594 23.647678375244141 21.785751342773438 20.135129928588867 22.240947723388672 23.892740249633789 23.755825042724609 23.553586959838867 24.229213714599609 24.9022216796875 23.325407028198242 23.404729843139648 25.654071807861328 26.94373893737793 28.090246200561523 28.293869018554688 27.377840042114258 27.192277908325195 27.820972442626953 28.221010208129883 28.150186538696289 27.739261627197266 26.722213745117188 26.740438461303711 27.275445938110352 26.754545211791992 27.633966445922852 29.210481643676758
29.854887008666992 32.652141571044922 30.069087982177734 28.015649795532227 28.053190231323242 22.105209350585938 9.5025634765625 4.8939075469970703 16.710186004638672 21.319936752319336 21.777179718017578 23.221342086791992 24.382745742797852 24.33427619934082 24.264284133911133 24.237909317016602 24.255537033081055 24.180662155151367 24.451961517333984 25.137914657592773 23.08544921875 21.084909439086914 20.807319641113281 21.426824569702148 22.950284957885742 24.260890960693359 26.188863754272461 26.759788513183594 26.333145141601562 27.402664184570313 28.623031616210938 28.504415512084961 29.250802993774414 29.714374542236328 28.913776397705078 28.410226821899414 27.900300979614258 26.916236877441406 27.131732940673828 28.484781265258789 28.946130752563477 30.706493377685547 31.906373977661133
28.626976013183594 31.052730560302734 29.131008148193359 27.904693603515625 28.744148254394531 23.305032730102539 13.123994827270508 2.1321737766265869 17.084060668945313 21.719619750976563 22.146961212158203 23.161079406738281 24.694364547729492 25.550952911376953 24.881120681762695 23.982730865478516 24.329645156860352 25.730627059936523 27.082340240478516 27.277376174926758 23.548107147216797 19.598388671875 18.423877716064453 19.667455673217773 23.672607421875 26.254449844360352 26.674907684326172 26.493984222412109 26.262680053710937 27.195516586303711 28.662971496582031 28.70427131652832 29.142349243164063 29.044149398803711 28.541580200195313 28.890762329101562 28.706705093383789 28.746330261230469 30.343618392944336 32.139606475830078 32.358482360839844 33.129024505615234 32.432418823242187
29.342500686645508 30.32196044921875 29.867450714111328 29.446319580078125 29.205224990844727 24.256977081298828 17.421092987060547 3.0206942558288574 17.579771041870117 21.854160308837891 21.768804550170898 22.651338577270508 25.312406539916992 27.369707107543945 26.050497055053711 24.383005142211914 24.791780471801758 26.773103713989258 28.640541076660156 28.692502975463867 25.673133850097656 20.039932250976563 17.528419494628906 20.568782806396484 25.705921173095703 27.07989501953125 26.109365463256836 25.533971786499023 26.258844375610352 27.281179428100586 27.975116729736328 28.215824127197266 29.873878479003906 29.962730407714844 29.734498977661133 30.363723754882813 30.058383941650391 29.987848281860352 31.239192962646484 33.036174774169922 33.190410614013672 32.723659515380859 31.144554138183594
30.581718444824219 29.774787902832031 29.54994010925293 30.804628372192383 30.93440055847168 26.931451797485352 22.678428649902344 10.152091979980469 15.597358703613281 21.430091857910156 20.842016220092773 22.148487091064453 25.237394332885742 28.98676872253418 28.103155136108398 25.218526840209961 25.608781814575195 27.386783599853516 28.48956298828125 27.382492065429688 25.790746688842773 20.044778823852539 15.964995384216309 21.956893920898438 27.162874221801758 27.344768524169922 26.144811630249023 25.767539978027344 26.074296951293945 27.928997039794922 30.65104866027832 31.435691833496094 32.135601043701172 31.934087753295898 31.801847457885742 31.448005676269531 30.155149459838867 29.822063446044922 29.937721252441406 30.488693237304687 31.571130752563477 32.278141021728516 32.136505126953125
31.119277954101563 29.753570556640625 27.494512557983398 27.816852569580078 29.08445930480957 27.438337326049805 25.848955154418945 17.133888244628906 8.8431053161621094 21.454143524169922 20.833124160766602 21.888448715209961 23.80018424987793 30.033203125 30.993198394775391 26.915460586547852 27.352312088012695 27.608270645141602 26.815763473510742 25.359363555908203 25.047088623046875 21.354228973388672 19.353303909301758 25.214738845825195 28.109037399291992 27.368352890014648 25.869697570800781 23.559701919555664 23.16502571105957 29.414007186889648 33.528594970703125 32.441921234130859 31.369754791259766 31.682897567749023 32.686878204345703 31.390457153320313 29.375335693359375 28.239166259765625 28.262754440307617 30.178258895874023 32.037067413330078 31.624273300170898 30.903564453125
31.554651260375977 30.346715927124023 26.673183441162109 24.494638442993164 25.133392333984375 26.182672500610352 27.122087478637695 24.466224670410156 5.6898021697998047 19.844793319702148 20.95197868347168 21.549507141113281 22.355226516723633 28.860210418701172 32.203632354736328 29.562168121337891 29.277952194213867 27.839797973632813 26.094154357910156 25.476779937744141 25.135175704956055 23.503511428833008 24.294002532958984 27.143013000488281 25.82703971862793 23.129638671875 19.721384048461914 16.513885498046875 18.981145858764648 25.981712341308594 25.223609924316406 18.297203063964844 17.871772766113281 20.481113433837891 24.773591995239258 27.735841751098633 30.185342788696289 29.986190795898438 29.820047378540039 31.223485946655273 30.786605834960938 28.600137710571289 27.6580810546875
31.236185073852539 29.734298706054688 26.687862396240234 24.761468887329102 25.193151473999023 26.725053787231445 28.228235244750977 28.407440185546875 14.331731796264648 14.706814765930176 20.051446914672852 21.161041259765625 22.401777267456055 25.69306755065918 29.817203521728516 30.874406814575195 30.948211669921875 30.398679733276367 29.597602844238281 29.252059936523437 28.294443130493164 27.635845184326172 28.814855575561523 31.813072204589844 33.713138580322266 33.87060546875 32.829677581787109 30.302743911743164 29.636245727539062 33.289939880371094 35.515556335449219 33.477394104003906 30.445959091186523 27.279975891113281 24.616744995117188 19.660991668701172 19.550025939941406 26.654323577880859 30.331323623657227 30.826395034790039 29.556644439697266 28.872631072998047 29.239242553710937
29.311628341674805 30.559829711914062 30.883396148681641 29.837654113769531 28.591360092163086 28.557403564453125 29.532066345214844 29.572505950927734 19.948478698730469 7.448732852935791 17.675880432128906 20.710678100585938 22.810216903686523 23.479114532470703 25.889144897460938 28.240882873535156 28.897764205932617 29.548376083374023 30.256725311279297 30.656167984008789 30.198080062866211 29.808340072631836 29.994756698608398 30.574039459228516 31.552305221557617 31.953290939331055 32.500415802001953 32.079696655273438 30.571807861328125 30.096309661865234 31.047883987426758 32.085800170898438 32.863033294677734 32.707855224609375 31.393667221069336 29.388406753540039 25.360898971557617 19.068899154663086 22.074296951293945 27.952136993408203 29.646862030029297 30.786556243896484 31.836549758911133
28.583057403564453 30.8187255859375 32.504951477050781 33.941696166992188 33.163978576660156 30.309593200683594 29.411731719970703 29.822771072387695 23.931238174438477 8.4451360702514648 12.264355659484863 19.780664443969727 22.746025085449219 22.785318374633789 23.292505264282227 25.36564826965332 27.200460433959961 28.787456512451172 30.030914306640625 30.478404998779297 30.343252182006836 30.001617431640625 30.180419921875 30.5543212890625 30.762079238891602 29.708383560180664 29.618997573852539 31.157838821411133 31.486757278442383 30.768869400024414 29.802690505981445 31.226766586303711 33.600711822509766 34.094791412353516 32.862403869628906 30.682260513305664 30.868259429931641 29.98381233215332 27.112634658813477 22.398889541625977 18.757614135742187 20.276905059814453 21.141380310058594
28.435592651367188 29.528877258300781 29.780178070068359 33.082668304443359 36.762527465820312 33.570274353027344 29.852045059204102 29.887765884399414 25.423469543457031 14.246905326843262 4.14129638671875 17.671054840087891 22.135065078735352 22.990924835205078 23.06080436706543 24.24842643737793 25.780567169189453 27.821414947509766 29.604829788208008 29.958078384399414 29.60356330871582 29.314172744750977 29.692573547363281 30.27662467956543 30.846090316772461 30.520021438598633 29.860071182250977 30.116432189941406 31.007377624511719 31.447561264038086 30.099327087402344 30.468338012695313 33.38677978515625 34.772266387939453 34.624927520751953 32.801013946533203 30.986957550048828 31.918712615966797 33.253952026367188 31.706935882568359 30.105859756469727 28.600030899047852 27.561300277709961
30.81446647644043 32.878562927246094 32.529518127441406 32.942672729492188 37.195064544677734 35.628227233886719 31.689201354980469 30.572055816650391 26.363719940185547 19.832466125488281 6.0330595970153809 12.859377861022949 18.95356559753418 20.562248229980469 22.121740341186523 23.188554763793945 24.248403549194336 27.222394943237305 28.939977645874023 28.870824813842773 29.030715942382812 28.906707763671875 29.001474380493164 28.588701248168945 28.239870071411133 28.804540634155273 29.960277557373047 29.665969848632813 29.58256721496582 30.555465698242188 29.673294067382812 28.532506942749023 30.58350944519043 33.379535675048828 34.109169006347656 34.141441345214844 32.24481201171875 30.912374496459961 31.49293327331543 32.376808166503906 33.999782562255859 34.698829650878906 34.447532653808594
31.30906867980957 33.395526885986328 33.296516418457031 34.636913299560547 36.000251770019531 34.522064208984375 31.890447616577148 30.794017791748047 26.744897842407227 22.593791961669922 13.316509246826172 6.5648994445800781 15.729774475097656 16.092227935791016 18.87529182434082 21.362813949584961 22.899450302124023 27.526712417602539 29.845767974853516 28.421237945556641 28.429885864257813 28.227293014526367 27.779314041137695 26.765716552734375 25.799503326416016 26.047019958496094 28.382101058959961 29.836185455322266 28.872814178466797 29.200447082519531 30.082267761230469 29.197090148925781 29.444087982177734 31.763706207275391 33.132633209228516 34.331932067871094 33.839408874511719 31.358896255493164 29.71551513671875 29.352455139160156 29.588277816772461 30.050004959106445 30.627462387084961
32.565055847167969 31.374473571777344 32.897514343261719 33.670986175537109 34.694236755371094 33.612552642822266 31.687614440917969 30.425153732299805 26.538599014282227 22.926483154296875 18.324434280395508 1.7786520719528198 12.215986251831055 12.963404655456543 15.111178398132324 17.971731185913086 19.914922714233398 25.33131217956543 29.427530288696289 27.410921096801758 26.136096954345703 25.693929672241211 25.56263542175293 24.809638977050781 23.720739364624023 23.831386566162109 26.263528823852539 29.008821487426758 28.233867645263672 27.56689453125 29.017910003662109 29.514715194702148 29.615400314331055 30.577308654785156 31.742280960083008 33.298480987548828 34.337104797363281 33.751201629638672 31.236915588378906 28.730751037597656 27.520656585693359 28.238880157470703 29.462448120117188
31.864997863769531 36.119667053222656 33.966541290283203 32.124481201171875 33.207756042480469 33.309154510498047 31.657968521118164 29.696882247924805 26.081912994384766 22.549310684204102 20.248134613037109 8.701746940612793 9.1003131866455078 7.8004474639892578 8.2601404190063477 10.418864250183105 12.679290771484375 19.281530380249023 26.001958847045898 26.11613655090332 24.678922653198242 23.71697998046875 24.134267807006836 23.228363037109375 21.246852874755859 20.928886413574219 23.672542572021484 26.170217514038086 25.214641571044922 24.52032470703125 26.171636581420898 27.675239562988281 29.167306900024414 29.729881286621094 30.389997482299805 31.280250549316406 31.312458038330078 31.814577102661133 31.07044792175293 29.396615982055664 26.14369010925293 25.971525192260742 28.73292350769043
34.688022613525391 38.268905639648437 34.076946258544922 32.326595306396484 32.827251434326172 33.299163818359375 31.313140869140625 28.600978851318359 24.989645004272461 21.399942398071289 18.512931823730469 9.9610366821289062 10.635593414306641 8.7423772811889648 7.5043730735778809 8.7996120452880859 10.458186149597168 14.968196868896484 21.100473403930664 23.853338241577148 23.408580780029297 21.68333625793457 23.034482955932617 23.614959716796875 23.324958801269531 23.777658462524414 25.009693145751953 25.521144866943359 23.343236923217773 20.594203948974609 20.875797271728516 22.491464614868164 25.153318405151367 26.691102981567383 27.801740646362305 28.579347610473633 27.632083892822266 27.347446441650391 27.881389617919922 28.501974105834961 25.229270935058594 23.096704483032227 25.107213973999023
34.173133850097656 36.652168273925781 34.674827575683594 33.395660400390625 33.631359100341797 33.494659423828125 30.626501083374023 27.71943473815918 24.298959732055664 20.483453750610352 14.604395866394043 8.3276863098144531 10.937182426452637 10.976848602294922 12.934466361999512 16.740106582641602 19.473133087158203 21.709995269775391 23.416908264160156 24.449346542358398 25.010171890258789 25.095396041870117 26.386396408081055 27.222721099853516 27.720664978027344 27.665796279907227 27.135839462280273 26.888544082641602 24.817672729492188 21.389041900634766 20.497772216796875 20.435525894165039 20.341981887817383 20.482156753540039 22.225412368774414 24.783437728881836 24.882518768310547 23.666463851928711 24.318994522094727 25.047012329101563 21.070463180541992 18.440084457397461 19.238517761230469
