MO_MDT_input/slope_300x300_15m.tif
ncols        300
nrows        300
xllcorner    442350.000000000000
yllcorner    4619100.000000000000
cellsize     15.000000000000
NODATA_value  -9999
[rows 209 to 227 of 300, columns 86 to 128 of 300]
22.507499694824219 23.544670104980469 26.472801208496094 31.05253791809082 32.309730529785156 34.722518920898438 36.819293975830078 36.634056091308594 37.122993469238281 37.365962982177734 36.047206878662109 34.954391479492188 32.273681640625 27.410524368286133 26.751785278320313 25.408737182617188 20.630359649658203 13.605888366699219 10.85733699798584 19.170782089233398 22.746307373046875 25.68806266784668 28.261623382568359 30.493442535400391 34.729610443115234 36.102867126464844 37.471202850341797 38.175857543945313 38.420127868652344 38.839900970458984 38.684368133544922 37.9288330078125 36.732486724853516 34.733104705810547 32.134471893310547 25.449142456054687 16.004348754882812 15.864682197570801 25.875959396362305 27.384794235229492 27.554428100585937 31.390388488769531 34.684165954589844
23.821557998657227 22.391448974609375 24.080429077148438 29.110889434814453 30.264265060424805 33.521263122558594 36.589084625244141 36.541492462158203 36.301856994628906 35.940780639648438 34.533306121826172 34.963665008544922 36.583652496337891 34.936313629150391 29.575094223022461 17.972099304199219 11.103089332580566 20.858335494995117 27.913148880004883 33.986942291259766 38.128108978271484 36.776401519775391 32.63739013671875 30.889108657836914 34.910564422607422 36.130073547363281 36.847782135009766 36.771938323974609 36.343631744384766 36.136157989501953 35.958381652832031 35.578887939453125 33.84429931640625 31.005683898925781 28.138040542602539 17.735174179077148 10.001509666442871 21.514392852783203 26.338394165039062 27.09235954284668 27.416591644287109 31.394863128662109 34.807182312011719
24.477136611938477 21.368711471557617 23.073856353759766 27.707483291625977 28.448146820068359 32.226528167724609 35.777885437011719 35.259914398193359 35.094745635986328 33.944858551025391 31.627155303955078 32.582210540771484 35.726505279541016 37.219104766845703 34.094497680664062 16.101221084594727 21.496402740478516 31.300380706787109 35.224891662597656 36.639999389648438 37.310413360595703 36.992794036865234 35.527481079101563 34.727676391601562 38.020030975341797 37.691413879394531 36.952102661132813 36.175163269042969 35.65655517578125 35.592582702636719 35.632568359375 35.395095825195313 32.966102600097656 29.450605392456055 23.661954879760742 7.710179328918457 19.208608627319336 25.401123046875 27.270904541015625 28.522060394287109 29.00709342956543 31.812839508056641 34.196048736572266
24.470096588134766 22.068454742431641 23.318626403808594 26.927148818969727 27.694948196411133 31.22723388671875 34.110355377197266 32.857463836669922 34.368900299072266 35.004341125488281 32.744880676269531 31.818361282348633 33.040306091308594 35.168251037597656 32.934371948242188 13.042216300964355 27.347982406616211 27.981081008911133 27.70170783996582 28.364116668701172 29.827610015869141 32.719535827636719 35.003528594970703 36.362560272216797 39.044513702392578 38.212188720703125 37.737358093261719 37.593803405761719 37.406543731689453 37.151218414306641 36.665321350097656 36.154361724853516 33.156295776367188 27.362380981445313 15.631799697875977 14.859152793884277 26.097585678100586 27.501142501831055 28.876762390136719 30.120288848876953 30.321298599243164 31.789382934570313 33.045696258544922
27.547416687011719 26.011356353759766 26.426862716674805 28.627836227416992 28.593118667602539 30.155427932739258 31.105096817016602 29.723957061767578 33.891510009765625 37.791259765625 36.238937377929688 33.618209838867188 32.359695434570313 31.528169631958008 23.873458862304688 19.262382507324219 32.778949737548828 28.010007858276367 25.865732192993164 27.175739288330078 28.520393371582031 30.810218811035156 32.908332824707031 34.916988372802734 38.188694000244141 38.199913024902344 38.475437164306641 38.875312805175781 38.974815368652344 38.667201995849609 37.600597381591797 35.599582672119141 29.524612426757813 18.382167816162109 12.057465553283691 23.618217468261719 29.853759765625 29.458784103393555 30.152469635009766 31.256748199462891 31.362628936767578 32.191368103027344 32.792415618896484
29.20562744140625 28.214736938476563 28.479022979736328 29.733537673950195 29.293437957763672 30.507106781005859 30.709306716918945 28.95904541015625 33.26239013671875 38.324687957763672 38.395851135253906 35.81097412109375 31.346576690673828 23.408050537109375 11.953561782836914 30.134355545043945 36.477447509765625 32.544219970703125 30.269706726074219 30.339176177978516 30.223016738891602 31.030792236328125 32.237865447998047 34.257339477539063 37.549751281738281 37.610603332519531 37.743247985839844 37.717052459716797 37.239429473876953 35.679328918457031 33.066242218017578 29.738409042358398 19.188615798950195 12.22844409942627 19.21116828918457 27.107711791992188 31.806434631347656 30.988222122192383 30.940383911132813 31.393545150756836 31.500581741333008 32.070888519287109 32.446041107177734
30.113431930541992 28.525655746459961 28.346900939941406 29.154144287109375 28.316656112670898 29.524274826049805 30.470794677734375 29.660121917724609 33.734886169433594 37.874080657958984 37.926570892333984 36.761985778808594 27.050119400024414 12.487269401550293 26.350814819335938 35.835651397705078 37.682167053222656 34.991077423095703 32.89434814453125 32.464458465576172 31.710315704345703 31.211006164550781 30.850582122802734 31.912900924682617 35.649871826171875 36.681652069091797 37.210941314697266 36.691291809082031 35.698375701904297 32.435745239257813 27.687019348144531 21.321125030517578 9.9458045959472656 19.527828216552734 22.234001159667969 28.257946014404297 33.279830932617188 32.543552398681641 31.889760971069336 31.865631103515625 32.109100341796875 32.320232391357422 32.265220642089844
30.92668342590332 29.365827560424805 29.021951675415039 29.64256477355957 28.511852264404297 29.311147689819336 30.756582260131836 30.138004302978516 33.998516082763672 36.348953247070313 33.510063171386719 32.555347442626953 18.802936553955078 23.998546600341797 33.988666534423828 37.764656066894531 38.107063293457031 34.759754180908203 33.130630493164063 33.380935668945313 33.201457977294922 32.979141235351563 32.600723266601563 33.977714538574219 38.368198394775391 39.021862030029297 38.006038665771484 36.781024932861328 35.304828643798828 31.021989822387695 25.005529403686523 14.546457290649414 15.091485023498535 23.455509185791016 23.810195922851563 29.447546005249023 34.296318054199219 33.809669494628906 32.832168579101563 32.141624450683594 31.759340286254883 31.264989852905273 30.841032028198242
21.322992324829102 28.415128707885742 31.372028350830078 31.673076629638672 29.96539306640625 30.885772705078125 32.766342163085938 31.753009796142578 32.723236083984375 31.614551544189453 26.295244216918945 22.219142913818359 20.526374816894531 31.761558532714844 35.518047332763672 37.954597473144531 37.608795166015625 33.658145904541016 31.676376342773438 32.171749114990234 33.273979187011719 35.626850128173828 38.086063385009766 40.290847778320312 42.028308868408203 39.942348480224609 37.148513793945313 34.937732696533203 32.199710845947266 27.252761840820313 19.952947616577148 15.126333236694336 21.541828155517578 25.277824401855469 25.266931533813477 30.313140869140625 34.811199188232422 34.348171234130859 32.768177032470703 31.112878799438477 30.190549850463867 29.721012115478516 29.48406982421875
22.464126586914063 21.412454605102539 28.721700668334961 29.740083694458008 29.568181991577148 31.669849395751953 31.620782852172852 28.047599792480469 26.419002532958984 24.774015426635742 18.672780990600586 11.054751396179199 24.194427490234375 31.442277908325195 34.306255340576172 36.985946655273438 37.222858428955078 33.847820281982422 31.804172515869141 31.676660537719727 32.087627410888672 33.890495300292969 36.314411163330078 38.33758544921875 38.965629577636719 37.134757995605469 35.121822357177734 31.965541839599609 27.590875625610352 20.374162673950195 16.318674087524414 20.888473510742187 24.33270263671875 26.381010055541992 26.312900543212891 30.791419982910156 34.513980865478516 33.61865234375 31.648979187011719 29.941677093505859 29.227245330810547 29.058158874511719 29.064802169799805
32.944343566894531 29.020952224731445 21.954061508178711 15.00290584564209 12.417891502380371 14.556716918945313 17.510322570800781 17.594112396240234 19.329927444458008 20.784107208251953 19.121715545654297 19.753244400024414 28.436164855957031 30.722599029541016 33.574172973632812 36.153156280517578 36.349956512451172 32.499862670898437 30.742145538330078 31.702564239501953 32.439517974853516 32.905605316162109 33.295310974121094 34.462734222412109 35.924610137939453 35.806934356689453 33.142108917236328 28.27556037902832 22.951089859008789 15.950305938720703 21.212495803833008 24.420782089233398 25.486801147460938 26.964035034179688 27.04258918762207 30.774379730224609 33.520309448242188 32.605533599853516 30.972543716430664 29.449176788330078 28.885873794555664 29.041433334350586 29.586603164672852
32.726314544677734 30.539175033569336 24.428638458251953 19.081045150756836 22.628284454345703 30.281276702880859 34.278022766113281 32.668190002441406 30.977878570556641 31.091337203979492 30.142829895019531 27.49003791809082 31.241889953613281 31.492271423339844 34.013568878173828 36.511081695556641 36.604457855224609 32.158229827880859 30.06549072265625 31.481258392333984 32.681484222412109 33.663883209228516 34.657173156738281 35.662891387939453 35.911426544189453 34.703636169433594 30.53703498840332 24.818414688110352 17.652711868286133 17.094562530517578 25.071922302246094 26.17840576171875 26.724832534790039 27.548055648803711 27.602254867553711 30.439117431640625 32.878032684326172 32.756942749023438 30.938852310180664 28.764650344848633 28.377449035644531 29.0513916015625 30.230253219604492
33.131507873535156 20.015359878540039 26.944141387939453 34.950092315673828 33.634311676025391 30.98994255065918 33.0068359375 33.509410858154297 33.137649536132813 33.354377746582031 33.395671844482422 31.110326766967773 33.870685577392578 33.733730316162109 35.657382965087891 37.863784790039062 37.931541442871094 33.816341400146484 31.674922943115234 32.911575317382813 33.860431671142578 34.580467224121094 35.423976898193359 36.013870239257813 34.908851623535156 31.350515365600586 24.569883346557617 19.001590728759766 13.90526008605957 18.260168075561523 24.634544372558594 25.852981567382812 27.12837028503418 28.131551742553711 28.218828201293945 30.770084381103516 33.439502716064453 34.133270263671875 31.649333953857422 28.500120162963867 28.423946380615234 29.701473236083984 31.333377838134766
27.14256477355957 21.121011734008789 32.400177001953125 33.555091857910156 30.407264709472656 27.622583389282227 30.177591323852539 31.615816116333008 31.747478485107422 32.953071594238281 35.079311370849609 35.327632904052734 37.591392517089844 36.719005584716797 37.343563079833984 38.759906768798828 38.192234039306641 34.510757446289062 33.502555847167969 35.956081390380859 37.047718048095703 36.701339721679688 35.697700500488281 33.740798950195313 30.355012893676758 24.267980575561523 15.702197074890137 16.07243537902832 17.000677108764648 20.455841064453125 24.104278564453125 24.711284637451172 26.823738098144531 28.666435241699219 28.775600433349609 31.782430648803711 34.882389068603516 35.429222106933594 32.435192108154297 28.891952514648437 28.553939819335938 30.387752532958984 32.807327270507813
14.601784706115723 30.39604377746582 29.752983093261719 28.712169647216797 27.118600845336914 27.162076950073242 29.430774688720703 30.677726745605469 30.871374130249023 32.653934478759766 35.725490570068359 37.538776397705078 39.070350646972656 37.330066680908203 37.348823547363281 38.666122436523438 37.799041748046875 35.226158142089844 34.955673217773438 37.165279388427734 37.209316253662109 35.822402954101563 33.639331817626953 29.987421035766602 23.646074295043945 14.535416603088379 14.989933967590332 19.82493782043457 20.340566635131836 22.623004913330078 25.079351425170898 25.846036911010742 28.649789810180664 30.947454452514648 31.292417526245117 33.862228393554687 36.194164276123047 35.960758209228516 32.528404235839844 28.709383010864258 27.915328979492188 30.923219680786133 34.400909423828125
28.578699111938477 34.780422210693359 28.861215591430664 28.854747772216797 28.742181777954102 29.295093536376953 30.663507461547852 31.41624641418457 31.611288070678711 33.290607452392578 36.195648193359375 38.248554229736328 38.799896240234375 36.647796630859375 36.686580657958984 38.527935028076172 37.763545989990234 36.067657470703125 35.565643310546875 35.703769683837891 33.281185150146484 30.933719635009766 28.035930633544922 23.754800796508789 18.285947799682617 17.507484436035156 21.366250991821289 23.156621932983398 23.100738525390625 25.41960334777832 28.154947280883789 29.618423461914063 32.086585998535156 33.65606689453125 33.768768310546875 34.851333618164062 35.690113067626953 34.945457458496094 31.282499313354492 27.65660285949707 27.363143920898438 31.580234527587891 35.573410034179688
38.3426513671875 33.997249603271484 27.915103912353516 29.452381134033203 32.608486175537109 34.447673797607422 35.260955810546875 34.642105102539063 33.141292572021484 34.204353332519531 36.755393981933594 38.310070037841797 37.621421813964844 35.119682312011719 35.255401611328125 37.448883056640625 36.539421081542969 34.659233093261719 32.968025207519531 32.480049133300781 29.555276870727539 25.391960144042969 19.614917755126953 15.254068374633789 18.573038101196289 24.879392623901367 25.960552215576172 26.073190689086914 26.193466186523438 28.735509872436523 31.792879104614258 33.103557586669922 34.308986663818359 34.596405029296875 34.208404541015625 34.256114959716797 34.266448974609375 33.640216827392578 31.013317108154297 28.69215202331543 28.672922134399414 32.284160614013672 35.906543731689453
32.827754974365234 27.53388786315918 24.767660140991211 26.406696319580078 30.069005966186523 33.525779724121094 35.201858520507813 34.708789825439453 32.885948181152344 33.861221313476562 35.205669403076172 35.919544219970703 35.587379455566406 36.015487670898438 38.333061218261719 38.388744354248047 34.791713714599609 30.995273590087891 29.007831573486328 29.668144226074219 23.496988296508789 19.562454223632813 14.23173713684082 16.60845947265625 25.117542266845703 28.130941390991211 27.841131210327148 27.707317352294922 27.845552444458008 30.499631881713867 33.132205963134766 33.355751037597656 33.327144622802734 33.147144317626953 33.201915740966797 33.545604705810547 33.714378356933594 33.520305633544922 32.3411865234375 31.43377685546875 31.891313552856445 33.946456909179688 35.701587677001953
22.063356399536133 22.068746566772461 23.957904815673828 25.022140502929688 26.121219635009766 28.799699783325195 31.87652587890625 33.424060821533203 34.140789031982422 34.332874298095703 33.684848785400391 33.745731353759766 34.522655487060547 36.212680816650391 37.577430725097656 36.554420471191406 33.770866394042969 31.754632949829102 30.854158401489258 28.916439056396484 17.759763717651367 22.528280258178711 20.350297927856445 22.196691513061523 26.994173049926758 26.911184310913086 27.004369735717773 27.741537094116211 28.393465042114258 30.929336547851562 32.743179321289063 32.741500854492187 33.016220092773437 33.139244079589844 33.366199493408203 33.506416320800781 33.388370513916016 33.248699188232422 32.750240325927734 32.841541290283203 33.611190795898438 32.273540496826172 28.673490524291992
